0.0000 0.0000 0.0476 0.3492 0.6508 0.9524 0.7460 0.4444 0.1429 0.0000 0.0000 0.0000 0.0000 0.0000 0.0000 0.0000 0.0000 0.0000 0.0000 0.0000 0.0000 0.2500 0.7500 0.7500 0.2500 0.0000 0.0000 0.0000 0.0000 0.0000 0.0000 0.1356 0.4237 0.7119 1.0000 0.7119 0.4237 0.1356 0.0000 0.0000 0.0000 0.0000 0.0000 0.0000 0.0000
0.0000 0.0000 0.1587 0.4603 0.7619 0.9365 0.6349 0.3333 0.0317 0.0000 0.0000 0.0000 0.0000 0.0000 0.0000 0.0000 0.0000 0.0000 0.0000 0.0000 0.1667 0.6667 0.8333 0.3333 0.0000 0.0000 0.0000 0.0000 0.0000 0.0000 0.0000 0.1356 0.4237 0.7119 1.0000 0.7119 0.4237 0.1356 0.0000 0.0000 0.0000 0.0000 0.0000 0.0000 0.0000
0.0000 0.0000 0.2698 0.5714 0.8730 0.8254 0.5238 0.2222 0.0000 0.0000 0.0000 0.0000 0.0000 0.0000 0.0000 0.0000 0.0000 0.0000 0.0000 0.0000 0.0000 0.5000 1.0000 0.5000 0.0000 0.0000 0.0000 0.0000 0.0000 0.0000 0.0000 0.1695 0.4576 0.7458 0.9661 0.6780 0.3898 0.1017 0.0000 0.0000 0.0000 0.0000 0.0000 0.0000 0.0000
0.0000 0.0238 0.3254 0.6270 0.9286 0.7698 0.4683 0.1667 0.0000 0.0000 0.0000 0.0000 0.0000 0.0000 0.0000 0.0000 0.0000 0.0000 0.0000 0.0000 0.0833 0.5833 0.9167 0.4167 0.0000 0.0000 0.0000 0.0000 0.0000 0.0000 0.0000 0.1017 0.3898 0.6780 0.9661 0.7458 0.4576 0.1695 0.0000 0.0000 0.0000 0.0000 0.0000 0.0000 0.0000
0.0000 0.0000 0.1032 0.4048 0.7063 0.9921 0.6905 0.3889 0.0873 0.0000 0.0000 0.0000 0.0000 0.0000 0.0000 0.0000 0.0000 0.0000 0.0000 0.0000 0.0000 0.1667 0.6667 0.8333 0.3333 0.0000 0.0000 0.0000 0.0000 0.0000 0.0000 0.1356 0.4237 0.7119 1.0000 0.7119 0.4237 0.1356 0.0000 0.0000 0.0000 0.0000 0.0000 0.0000 0.0000
0.0000 0.0000 0.0000 0.1825 0.4841 0.7857 0.9127 0.6111 0.3095 0.0079 0.0000 0.0000 0.0000 0.0000 0.0000 0.0000 0.0000 0.0000 0.0000 0.0000 0.0000 0.0000 0.4167 0.9167 0.5833 0.0833 0.0000 0.0000 0.0000 0.0000 0.0000 0.0339 0.3220 0.6102 0.8983 0.8136 0.5254 0.2373 0.0000 0.0000 0.0000 0.0000 0.0000 0.0000 0.0000
0.0000 0.0238 0.3254 0.6270 0.9286 0.7698 0.4683 0.1667 0.0000 0.0000 0.0000 0.0000 0.0000 0.0000 0.0000 0.0000 0.0000 0.0000 0.0000 0.0000 0.0000 0.3333 0.8333 0.6667 0.1667 0.0000 0.0000 0.0000 0.0000 0.0000 0.0000 0.1356 0.4237 0.7119 1.0000 0.7119 0.4237 0.1356 0.0000 0.0000 0.0000 0.0000 0.0000 0.0000 0.0000
0.0000 0.0000 0.1032 0.4048 0.7063 0.9921 0.6905 0.3889 0.0873 0.0000 0.0000 0.0000 0.0000 0.0000 0.0000 0.0000 0.0000 0.0000 0.0000 0.0000 0.0000 0.3333 0.8333 0.6667 0.1667 0.0000 0.0000 0.0000 0.0000 0.0000 0.0000 0.1017 0.3898 0.6780 0.9661 0.7458 0.4576 0.1695 0.0000 0.0000 0.0000 0.0000 0.0000 0.0000 0.0000
0.0000 0.1349 0.4365 0.7381 0.9603 0.6587 0.3571 0.0556 0.0000 0.0000 0.0000 0.0000 0.0000 0.0000 0.0000 0.0000 0.0000 0.0000 0.0000 0.0000 0.2500 0.7500 0.7500 0.2500 0.0000 0.0000 0.0000 0.0000 0.0000 0.0000 0.0000 0.1356 0.4237 0.7119 1.0000 0.7119 0.4237 0.1356 0.0000 0.0000 0.0000 0.0000 0.0000 0.0000 0.0000
0.0000 0.0000 0.1587 0.4603 0.7619 0.9365 0.6349 0.3333 0.0317 0.0000 0.0000 0.0000 0.0000 0.0000 0.0000 0.0000 0.0000 0.0000 0.0000 0.0000 0.0833 0.5833 0.9167 0.4167 0.0000 0.0000 0.0000 0.0000 0.0000 0.0000 0.0000 0.1017 0.3898 0.6780 0.9661 0.7458 0.4576 0.1695 0.0000 0.0000 0.0000 0.0000 0.0000 0.0000 0.0000
0.0000 0.0000 0.0000 0.1825 0.4841 0.7857 0.9127 0.6111 0.3095 0.0079 0.0000 0.0000 0.0000 0.0000 0.0000 0.0000 0.0000 0.0000 0.0000 0.0000 0.0000 0.0833 0.5833 0.9167 0.4167 0.0000 0.0000 0.0000 0.0000 0.0000 0.0000 0.1017 0.3898 0.6780 0.9661 0.7458 0.4576 0.1695 0.0000 0.0000 0.0000 0.0000 0.0000 0.0000 0.0000
0.0000 0.0000 0.2143 0.5159 0.8175 0.8810 0.5794 0.2778 0.0000 0.0000 0.0000 0.0000 0.0000 0.0000 0.0000 0.0000 0.0000 0.0000 0.0000 0.0000 0.0000 0.3333 0.8333 0.6667 0.1667 0.0000 0.0000 0.0000 0.0000 0.0000 0.0000 0.0678 0.3559 0.6441 0.9322 0.7797 0.4915 0.2034 0.0000 0.0000 0.0000 0.0000 0.0000 0.0000 0.0000
0.0000 0.0000 0.2143 0.5159 0.8175 0.8810 0.5794 0.2778 0.0000 0.0000 0.0000 0.0000 0.0000 0.0000 0.0000 0.0000 0.0000 0.0000 0.0000 0.0000 0.1667 0.6667 0.8333 0.3333 0.0000 0.0000 0.0000 0.0000 0.0000 0.0000 0.0000 0.1356 0.4237 0.7119 1.0000 0.7119 0.4237 0.1356 0.0000 0.0000 0.0000 0.0000 0.0000 0.0000 0.0000
0.0000 0.1905 0.4921 0.7937 0.9048 0.6032 0.3016 0.0000 0.0000 0.0000 0.0000 0.0000 0.0000 0.0000 0.0000 0.0000 0.0000 0.0000 0.0000 0.0000 0.1667 0.6667 0.8333 0.3333 0.0000 0.0000 0.0000 0.0000 0.0000 0.0000 0.0000 0.2373 0.5254 0.8136 0.8983 0.6102 0.3220 0.0339 0.0000 0.0000 0.0000 0.0000 0.0000 0.0000 0.0000
0.0000 0.0000 0.0000 0.0000 0.2619 0.5635 0.8651 0.8333 0.5317 0.2302 0.0000 0.0000 0.0000 0.0000 0.0000 0.0000 0.0000 0.0000 0.0000 0.0000 0.0000 0.0000 0.3333 0.8333 0.6667 0.1667 0.0000 0.0000 0.0000 0.0000 0.0000 0.2034 0.4915 0.7797 0.9322 0.6441 0.3559 0.0678 0.0000 0.0000 0.0000 0.0000 0.0000 0.0000 0.0000
0.0000 0.0000 0.0000 0.0159 0.3175 0.6190 0.9206 0.7778 0.4762 0.1746 0.0000 0.0000 0.0000 0.0000 0.0000 0.0000 0.0000 0.0000 0.0000 0.0000 0.0000 0.0000 0.0000 0.5000 1.0000 0.5000 0.0000 0.0000 0.0000 0.0000 0.0000 0.1017 0.3898 0.6780 0.9661 0.7458 0.4576 0.1695 0.0000 0.0000 0.0000 0.0000 0.0000 0.0000 0.0000
0.0000 0.0000 0.0000 0.1825 0.4841 0.7857 0.9127 0.6111 0.3095 0.0079 0.0000 0.0000 0.0000 0.0000 0.0000 0.0000 0.0000 0.0000 0.0000 0.0000 0.0000 0.0000 0.4167 0.9167 0.5833 0.0833 0.0000 0.0000 0.0000 0.0000 0.0000 0.1695 0.4576 0.7458 0.9661 0.6780 0.3898 0.1017 0.0000 0.0000 0.0000 0.0000 0.0000 0.0000 0.0000
0.0000 0.0000 0.0476 0.3492 0.6508 0.9524 0.7460 0.4444 0.1429 0.0000 0.0000 0.0000 0.0000 0.0000 0.0000 0.0000 0.0000 0.0000 0.0000 0.0000 0.0000 0.2500 0.7500 0.7500 0.2500 0.0000 0.0000 0.0000 0.0000 0.0000 0.0000 0.1356 0.4237 0.7119 1.0000 0.7119 0.4237 0.1356 0.0000 0.0000 0.0000 0.0000 0.0000 0.0000 0.0000
0.0000 0.0000 0.0000 0.0159 0.3175 0.6190 0.9206 0.7778 0.4762 0.1746 0.0000 0.0000 0.0000 0.0000 0.0000 0.0000 0.0000 0.0000 0.0000 0.0000 0.0000 0.0000 0.5000 1.0000 0.5000 0.0000 0.0000 0.0000 0.0000 0.0000 0.0000 0.0339 0.3220 0.6102 0.8983 0.8136 0.5254 0.2373 0.0000 0.0000 0.0000 0.0000 0.0000 0.0000 0.0000
0.0000 0.0000 0.0476 0.3492 0.6508 0.9524 0.7460 0.4444 0.1429 0.0000 0.0000 0.0000 0.0000 0.0000 0.0000 0.0000 0.0000 0.0000 0.0000 0.0000 0.0000 0.0000 0.5000 1.0000 0.5000 0.0000 0.0000 0.0000 0.0000 0.0000 0.0000 0.1017 0.3898 0.6780 0.9661 0.7458 0.4576 0.1695 0.0000 0.0000 0.0000 0.0000 0.0000 0.0000 0.0000
0.0000 0.0000 0.0000 0.1825 0.4841 0.7857 0.9127 0.6111 0.3095 0.0079 0.0000 0.0000 0.0000 0.0000 0.0000 0.0000 0.0000 0.0000 0.0000 0.0000 0.0000 0.3333 0.8333 0.6667 0.1667 0.0000 0.0000 0.0000 0.0000 0.0000 0.0000 0.0339 0.3220 0.6102 0.8983 0.8136 0.5254 0.2373 0.0000 0.0000 0.0000 0.0000 0.0000 0.0000 0.0000
0.0000 0.0000 0.0476 0.3492 0.6508 0.9524 0.7460 0.4444 0.1429 0.0000 0.0000 0.0000 0.0000 0.0000 0.0000 0.0000 0.0000 0.0000 0.0000 0.0000 0.0000 0.0833 0.5833 0.9167 0.4167 0.0000 0.0000 0.0000 0.0000 0.0000 0.0000 0.1017 0.3898 0.6780 0.9661 0.7458 0.4576 0.1695 0.0000 0.0000 0.0000 0.0000 0.0000 0.0000 0.0000
0.0000 0.0238 0.3254 0.6270 0.9286 0.7698 0.4683 0.1667 0.0000 0.0000 0.0000 0.0000 0.0000 0.0000 0.0000 0.0000 0.0000 0.0000 0.0000 0.0000 0.0000 0.1667 0.6667 0.8333 0.3333 0.0000 0.0000 0.0000 0.0000 0.0000 0.0000 0.2712 0.5593 0.8475 0.8644 0.5763 0.2881 0.0000 0.0000 0.0000 0.0000 0.0000 0.0000 0.0000 0.0000
0.0000 0.0000 0.0476 0.3492 0.6508 0.9524 0.7460 0.4444 0.1429 0.0000 0.0000 0.0000 0.0000 0.0000 0.0000 0.0000 0.0000 0.0000 0.0000 0.0000 0.0000 0.4167 0.9167 0.5833 0.0833 0.0000 0.0000 0.0000 0.0000 0.0000 0.0000 0.0339 0.3220 0.6102 0.8983 0.8136 0.5254 0.2373 0.0000 0.0000 0.0000 0.0000 0.0000 0.0000 0.0000
0.0000 0.0000 0.2143 0.5159 0.8175 0.8810 0.5794 0.2778 0.0000 0.0000 0.0000 0.0000 0.0000 0.0000 0.0000 0.0000 0.0000 0.0000 0.0000 0.0000 0.0000 0.3333 0.8333 0.6667 0.1667 0.0000 0.0000 0.0000 0.0000 0.0000 0.0000 0.0000 0.2542 0.5424 0.8305 0.8814 0.5932 0.3051 0.0169 0.0000 0.0000 0.0000 0.0000 0.0000 0.0000
0.0000 0.0000 0.1032 0.4048 0.7063 0.9921 0.6905 0.3889 0.0873 0.0000 0.0000 0.0000 0.0000 0.0000 0.0000 0.0000 0.0000 0.0000 0.0000 0.0000 0.1667 0.6667 0.8333 0.3333 0.0000 0.0000 0.0000 0.0000 0.0000 0.0000 0.0000 0.0678 0.3559 0.6441 0.9322 0.7797 0.4915 0.2034 0.0000 0.0000 0.0000 0.0000 0.0000 0.0000 0.0000
0.0000 0.0000 0.1032 0.4048 0.7063 0.9921 0.6905 0.3889 0.0873 0.0000 0.0000 0.0000 0.0000 0.0000 0.0000 0.0000 0.0000 0.0000 0.0000 0.0000 0.0000 0.3333 0.8333 0.6667 0.1667 0.0000 0.0000 0.0000 0.0000 0.0000 0.0000 0.0678 0.3559 0.6441 0.9322 0.7797 0.4915 0.2034 0.0000 0.0000 0.0000 0.0000 0.0000 0.0000 0.0000
0.0000 0.0000 0.0000 0.2937 0.5952 0.8968 0.8016 0.5000 0.1984 0.0000 0.0000 0.0000 0.0000 0.0000 0.0000 0.0000 0.0000 0.0000 0.0000 0.0000 0.0000 0.2500 0.7500 0.7500 0.2500 0.0000 0.0000 0.0000 0.0000 0.0000 0.0000 0.1017 0.3898 0.6780 0.9661 0.7458 0.4576 0.1695 0.0000 0.0000 0.0000 0.0000 0.0000 0.0000 0.0000
0.0000 0.0000 0.0000 0.2937 0.5952 0.8968 0.8016 0.5000 0.1984 0.0000 0.0000 0.0000 0.0000 0.0000 0.0000 0.0000 0.0000 0.0000 0.0000 0.0000 0.0000 0.3333 0.8333 0.6667 0.1667 0.0000 0.0000 0.0000 0.0000 0.0000 0.0000 0.1356 0.4237 0.7119 1.0000 0.7119 0.4237 0.1356 0.0000 0.0000 0.0000 0.0000 0.0000 0.0000 0.0000
0.0000 0.0000 0.2698 0.5714 0.8730 0.8254 0.5238 0.2222 0.0000 0.0000 0.0000 0.0000 0.0000 0.0000 0.0000 0.0000 0.0000 0.0000 0.0000 0.0000 0.0000 0.5000 1.0000 0.5000 0.0000 0.0000 0.0000 0.0000 0.0000 0.0000 0.0000 0.0678 0.3559 0.6441 0.9322 0.7797 0.4915 0.2034 0.0000 0.0000 0.0000 0.0000 0.0000 0.0000 0.0000
0.0000 0.0000 0.2143 0.5159 0.8175 0.8810 0.5794 0.2778 0.0000 0.0000 0.0000 0.0000 0.0000 0.0000 0.0000 0.0000 0.0000 0.0000 0.0000 0.0000 0.0833 0.5833 0.9167 0.4167 0.0000 0.0000 0.0000 0.0000 0.0000 0.0000 0.0000 0.0678 0.3559 0.6441 0.9322 0.7797 0.4915 0.2034 0.0000 0.0000 0.0000 0.0000 0.0000 0.0000 0.0000
0.0000 0.0000 0.0000 0.1825 0.4841 0.7857 0.9127 0.6111 0.3095 0.0079 0.0000 0.0000 0.0000 0.0000 0.0000 0.0000 0.0000 0.0000 0.0000 0.0000 0.0000 0.3333 0.8333 0.6667 0.1667 0.0000 0.0000 0.0000 0.0000 0.0000 0.0000 0.1017 0.3898 0.6780 0.9661 0.7458 0.4576 0.1695 0.0000 0.0000 0.0000 0.0000 0.0000 0.0000 0.0000
0.0000 0.0000 0.0000 0.2937 0.5952 0.8968 0.8016 0.5000 0.1984 0.0000 0.0000 0.0000 0.0000 0.0000 0.0000 0.0000 0.0000 0.0000 0.0000 0.0000 0.0000 0.0000 0.2500 0.7500 0.7500 0.2500 0.0000 0.0000 0.0000 0.0000 0.0000 0.1017 0.3898 0.6780 0.9661 0.7458 0.4576 0.1695 0.0000 0.0000 0.0000 0.0000 0.0000 0.0000 0.0000
0.0000 0.0000 0.0000 0.1270 0.4286 0.7302 0.9683 0.6667 0.3651 0.0635 0.0000 0.0000 0.0000 0.0000 0.0000 0.0000 0.0000 0.0000 0.0000 0.0000 0.0000 0.0000 0.1667 0.6667 0.8333 0.3333 0.0000 0.0000 0.0000 0.0000 0.0000 0.1356 0.4237 0.7119 1.0000 0.7119 0.4237 0.1356 0.0000 0.0000 0.0000 0.0000 0.0000 0.0000 0.0000
0.0000 0.0000 0.1587 0.4603 0.7619 0.9365 0.6349 0.3333 0.0317 0.0000 0.0000 0.0000 0.0000 0.0000 0.0000 0.0000 0.0000 0.0000 0.0000 0.0000 0.0833 0.5833 0.9167 0.4167 0.0000 0.0000 0.0000 0.0000 0.0000 0.0000 0.0000 0.1017 0.3898 0.6780 0.9661 0.7458 0.4576 0.1695 0.0000 0.0000 0.0000 0.0000 0.0000 0.0000 0.0000
0.0000 0.0000 0.1032 0.4048 0.7063 0.9921 0.6905 0.3889 0.0873 0.0000 0.0000 0.0000 0.0000 0.0000 0.0000 0.0000 0.0000 0.0000 0.0000 0.0000 0.0000 0.5000 1.0000 0.5000 0.0000 0.0000 0.0000 0.0000 0.0000 0.0000 0.0000 0.2034 0.4915 0.7797 0.9322 0.6441 0.3559 0.0678 0.0000 0.0000 0.0000 0.0000 0.0000 0.0000 0.0000
0.0000 0.0000 0.0000 0.1270 0.4286 0.7302 0.9683 0.6667 0.3651 0.0635 0.0000 0.0000 0.0000 0.0000 0.0000 0.0000 0.0000 0.0000 0.0000 0.0000 0.0000 0.2500 0.7500 0.7500 0.2500 0.0000 0.0000 0.0000 0.0000 0.0000 0.0000 0.1695 0.4576 0.7458 0.9661 0.6780 0.3898 0.1017 0.0000 0.0000 0.0000 0.0000 0.0000 0.0000 0.0000
0.0000 0.0000 0.1587 0.4603 0.7619 0.9365 0.6349 0.3333 0.0317 0.0000 0.0000 0.0000 0.0000 0.0000 0.0000 0.0000 0.0000 0.0000 0.0000 0.0000 0.0000 0.1667 0.6667 0.8333 0.3333 0.0000 0.0000 0.0000 0.0000 0.0000 0.0000 0.1356 0.4237 0.7119 1.0000 0.7119 0.4237 0.1356 0.0000 0.0000 0.0000 0.0000 0.0000 0.0000 0.0000
0.0000 0.1349 0.4365 0.7381 0.9603 0.6587 0.3571 0.0556 0.0000 0.0000 0.0000 0.0000 0.0000 0.0000 0.0000 0.0000 0.0000 0.0000 0.0000 0.0000 0.1667 0.6667 0.8333 0.3333 0.0000 0.0000 0.0000 0.0000 0.0000 0.0000 0.0000 0.1695 0.4576 0.7458 0.9661 0.6780 0.3898 0.1017 0.0000 0.0000 0.0000 0.0000 0.0000 0.0000 0.0000
0.0000 0.0000 0.0476 0.3492 0.6508 0.9524 0.7460 0.4444 0.1429 0.0000 0.0000 0.0000 0.0000 0.0000 0.0000 0.0000 0.0000 0.0000 0.0000 0.0000 0.0000 0.3333 0.8333 0.6667 0.1667 0.0000 0.0000 0.0000 0.0000 0.0000 0.0000 0.1017 0.3898 0.6780 0.9661 0.7458 0.4576 0.1695 0.0000 0.0000 0.0000 0.0000 0.0000 0.0000 0.0000
0.0000 0.0000 0.1032 0.4048 0.7063 0.9921 0.6905 0.3889 0.0873 0.0000 0.0000 0.0000 0.0000 0.0000 0.0000 0.0000 0.0000 0.0000 0.0000 0.0000 0.0000 0.2500 0.7500 0.7500 0.2500 0.0000 0.0000 0.0000 0.0000 0.0000 0.0000 0.1695 0.4576 0.7458 0.9661 0.6780 0.3898 0.1017 0.0000 0.0000 0.0000 0.0000 0.0000 0.0000 0.0000
0.0000 0.0794 0.3810 0.6825 0.9841 0.7143 0.4127 0.1111 0.0000 0.0000 0.0000 0.0000 0.0000 0.0000 0.0000 0.0000 0.0000 0.0000 0.0000 0.2500 0.7500 0.7500 0.2500 0.0000 0.0000 0.0000 0.0000 0.0000 0.0000 0.0000 0.0000 0.1695 0.4576 0.7458 0.9661 0.6780 0.3898 0.1017 0.0000 0.0000 0.0000 0.0000 0.0000 0.0000 0.0000
0.0000 0.1349 0.4365 0.7381 0.9603 0.6587 0.3571 0.0556 0.0000 0.0000 0.0000 0.0000 0.0000 0.0000 0.0000 0.0000 0.0000 0.0000 0.0000 0.0000 0.0000 0.5000 1.0000 0.5000 0.0000 0.0000 0.0000 0.0000 0.0000 0.0000 0.0000 0.1695 0.4576 0.7458 0.9661 0.6780 0.3898 0.1017 0.0000 0.0000 0.0000 0.0000 0.0000 0.0000 0.0000
0.0000 0.0000 0.1032 0.4048 0.7063 0.9921 0.6905 0.3889 0.0873 0.0000 0.0000 0.0000 0.0000 0.0000 0.0000 0.0000 0.0000 0.0000 0.0000 0.0000 0.0000 0.2500 0.7500 0.7500 0.2500 0.0000 0.0000 0.0000 0.0000 0.0000 0.0000 0.0678 0.3559 0.6441 0.9322 0.7797 0.4915 0.2034 0.0000 0.0000 0.0000 0.0000 0.0000 0.0000 0.0000
0.0000 0.0000 0.0476 0.3492 0.6508 0.9524 0.7460 0.4444 0.1429 0.0000 0.0000 0.0000 0.0000 0.0000 0.0000 0.0000 0.0000 0.0000 0.0000 0.0000 0.0000 0.0000 0.5000 1.0000 0.5000 0.0000 0.0000 0.0000 0.0000 0.0000 0.0000 0.0000 0.2542 0.5424 0.8305 0.8814 0.5932 0.3051 0.0169 0.0000 0.0000 0.0000 0.0000 0.0000 0.0000
0.0000 0.0000 0.2143 0.5159 0.8175 0.8810 0.5794 0.2778 0.0000 0.0000 0.0000 0.0000 0.0000 0.0000 0.0000 0.0000 0.0000 0.0000 0.0000 0.0000 0.1667 0.6667 0.8333 0.3333 0.0000 0.0000 0.0000 0.0000 0.0000 0.0000 0.0000 0.1356 0.4237 0.7119 1.0000 0.7119 0.4237 0.1356 0.0000 0.0000 0.0000 0.0000 0.0000 0.0000 0.0000
0.0000 0.0000 0.0476 0.3492 0.6508 0.9524 0.7460 0.4444 0.1429 0.0000 0.0000 0.0000 0.0000 0.0000 0.0000 0.0000 0.0000 0.0000 0.0000 0.0000 0.0000 0.0000 0.5000 1.0000 0.5000 0.0000 0.0000 0.0000 0.0000 0.0000 0.0000 0.0678 0.3559 0.6441 0.9322 0.7797 0.4915 0.2034 0.0000 0.0000 0.0000 0.0000 0.0000 0.0000 0.0000
0.0000 0.0238 0.3254 0.6270 0.9286 0.7698 0.4683 0.1667 0.0000 0.0000 0.0000 0.0000 0.0000 0.0000 0.0000 0.0000 0.0000 0.0000 0.0000 0.0000 0.0000 0.5000 1.0000 0.5000 0.0000 0.0000 0.0000 0.0000 0.0000 0.0000 0.0000 0.1356 0.4237 0.7119 1.0000 0.7119 0.4237 0.1356 0.0000 0.0000 0.0000 0.0000 0.0000 0.0000 0.0000
0.0000 0.0000 0.0000 0.2381 0.5397 0.8413 0.8571 0.5556 0.2540 0.0000 0.0000 0.0000 0.0000 0.0000 0.0000 0.0000 0.0000 0.0000 0.0000 0.0000 0.0000 0.0833 0.5833 0.9167 0.4167 0.0000 0.0000 0.0000 0.0000 0.0000 0.0000 0.1017 0.3898 0.6780 0.9661 0.7458 0.4576 0.1695 0.0000 0.0000 0.0000 0.0000 0.0000 0.0000 0.0000
0.0000 0.0000 0.1032 0.4048 0.7063 0.9921 0.6905 0.3889 0.0873 0.0000 0.0000 0.0000 0.0000 0.0000 0.0000 0.0000 0.0000 0.0000 0.0000 0.0000 0.0000 0.4167 0.9167 0.5833 0.0833 0.0000 0.0000 0.0000 0.0000 0.0000 0.0000 0.1356 0.4237 0.7119 1.0000 0.7119 0.4237 0.1356 0.0000 0.0000 0.0000 0.0000 0.0000 0.0000 0.0000
0.0000 0.0000 0.0000 0.0000 0.0000 0.0000 0.1984 0.5000 0.8016 0.8968 0.5952 0.2937 0.0000 0.0000 0.0000 0.0000 0.0000 0.0000 0.0000 0.0000 0.0000 0.5000 1.0000 0.5000 0.0000 0.0000 0.0000 0.0000 0.0000 0.0000 0.0000 0.0000 0.0000 0.0000 0.0000 0.1695 0.4576 0.7458 0.9661 0.6780 0.3898 0.1017 0.0000 0.0000 0.0000
0.0000 0.0000 0.0000 0.0000 0.0000 0.2302 0.5317 0.8333 0.8651 0.5635 0.2619 0.0000 0.0000 0.0000 0.0000 0.0000 0.0000 0.0000 0.0000 0.0000 0.0000 0.5000 1.0000 0.5000 0.0000 0.0000 0.0000 0.0000 0.0000 0.0000 0.0000 0.0000 0.0000 0.0000 0.0000 0.2373 0.5254 0.8136 0.8983 0.6102 0.3220 0.0339 0.0000 0.0000 0.0000
0.0000 0.0000 0.0000 0.0000 0.0000 0.0000 0.2540 0.5556 0.8571 0.8413 0.5397 0.2381 0.0000 0.0000 0.0000 0.0000 0.0000 0.0000 0.0000 0.0000 0.0833 0.5833 0.9167 0.4167 0.0000 0.0000 0.0000 0.0000 0.0000 0.0000 0.0000 0.0000 0.0000 0.0000 0.0000 0.1017 0.3898 0.6780 0.9661 0.7458 0.4576 0.1695 0.0000 0.0000 0.0000
0.0000 0.0000 0.0000 0.1270 0.4286 0.7302 0.9683 0.6667 0.3651 0.0635 0.0000 0.0000 0.0000 0.0000 0.0000 0.0000 0.0000 0.0000 0.0000 0.2500 0.7500 0.7500 0.2500 0.0000 0.0000 0.0000 0.0000 0.0000 0.0000 0.0000 0.0000 0.0000 0.0000 0.0000 0.1186 0.4068 0.6949 0.9831 0.7288 0.4407 0.1525 0.0000 0.0000 0.0000 0.0000
0.0000 0.0000 0.0000 0.0000 0.0000 0.1746 0.4762 0.7778 0.9206 0.6190 0.3175 0.0159 0.0000 0.0000 0.0000 0.0000 0.0000 0.0000 0.0000 0.0000 0.3333 0.8333 0.6667 0.1667 0.0000 0.0000 0.0000 0.0000 0.0000 0.0000 0.0000 0.0000 0.0000 0.0000 0.0000 0.2034 0.4915 0.7797 0.9322 0.6441 0.3559 0.0678 0.0000 0.0000 0.0000
0.0000 0.0000 0.0000 0.0159 0.3175 0.6190 0.9206 0.7778 0.4762 0.1746 0.0000 0.0000 0.0000 0.0000 0.0000 0.0000 0.0000 0.0000 0.0000 0.0000 0.3333 0.8333 0.6667 0.1667 0.0000 0.0000 0.0000 0.0000 0.0000 0.0000 0.0000 0.0000 0.0000 0.0000 0.0000 0.2373 0.5254 0.8136 0.8983 0.6102 0.3220 0.0339 0.0000 0.0000 0.0000
0.0000 0.0000 0.0000 0.0000 0.0000 0.2857 0.5873 0.8889 0.8095 0.5079 0.2063 0.0000 0.0000 0.0000 0.0000 0.0000 0.0000 0.0000 0.0000 0.0000 0.0000 0.4167 0.9167 0.5833 0.0833 0.0000 0.0000 0.0000 0.0000 0.0000 0.0000 0.0000 0.0000 0.0000 0.0000 0.1695 0.4576 0.7458 0.9661 0.6780 0.3898 0.1017 0.0000 0.0000 0.0000
0.0000 0.0000 0.1587 0.4603 0.7619 0.9365 0.6349 0.3333 0.0317 0.0000 0.0000 0.0000 0.0000 0.0000 0.0000 0.0000 0.0000 0.0000 0.0000 0.1667 0.6667 0.8333 0.3333 0.0000 0.0000 0.0000 0.0000 0.0000 0.0000 0.0000 0.0000 0.0000 0.0000 0.0678 0.3559 0.6441 0.9322 0.7797 0.4915 0.2034 0.0000 0.0000 0.0000 0.0000 0.0000
0.0000 0.0000 0.0000 0.0000 0.0000 0.1190 0.4206 0.7222 0.9762 0.6746 0.3730 0.0714 0.0000 0.0000 0.0000 0.0000 0.0000 0.0000 0.0000 0.0000 0.2500 0.7500 0.7500 0.2500 0.0000 0.0000 0.0000 0.0000 0.0000 0.0000 0.0000 0.0000 0.0000 0.0000 0.0000 0.2034 0.4915 0.7797 0.9322 0.6441 0.3559 0.0678 0.0000 0.0000 0.0000
0.0000 0.0000 0.0000 0.2937 0.5952 0.8968 0.8016 0.5000 0.1984 0.0000 0.0000 0.0000 0.0000 0.0000 0.0000 0.0000 0.0000 0.0000 0.0000 0.0000 0.4167 0.9167 0.5833 0.0833 0.0000 0.0000 0.0000 0.0000 0.0000 0.0000 0.0000 0.0000 0.0000 0.0000 0.1525 0.4407 0.7288 0.9831 0.6949 0.4068 0.1186 0.0000 0.0000 0.0000 0.0000
0.0000 0.0000 0.1032 0.4048 0.7063 0.9921 0.6905 0.3889 0.0873 0.0000 0.0000 0.0000 0.0000 0.0000 0.0000 0.0000 0.0000 0.0000 0.0000 0.5000 1.0000 0.5000 0.0000 0.0000 0.0000 0.0000 0.0000 0.0000 0.0000 0.0000 0.0000 0.0000 0.0000 0.0000 0.2881 0.5763 0.8644 0.8475 0.5593 0.2712 0.0000 0.0000 0.0000 0.0000 0.0000
0.0000 0.0000 0.0000 0.0000 0.2063 0.5079 0.8095 0.8889 0.5873 0.2857 0.0000 0.0000 0.0000 0.0000 0.0000 0.0000 0.0000 0.0000 0.0000 0.0000 0.1667 0.6667 0.8333 0.3333 0.0000 0.0000 0.0000 0.0000 0.0000 0.0000 0.0000 0.0000 0.0000 0.0000 0.0508 0.3390 0.6271 0.9153 0.7966 0.5085 0.2203 0.0000 0.0000 0.0000 0.0000
0.0000 0.0000 0.0000 0.0000 0.1508 0.4524 0.7540 0.9444 0.6429 0.3413 0.0397 0.0000 0.0000 0.0000 0.0000 0.0000 0.0000 0.0000 0.0000 0.3333 0.8333 0.6667 0.1667 0.0000 0.0000 0.0000 0.0000 0.0000 0.0000 0.0000 0.0000 0.0000 0.0000 0.0000 0.1186 0.4068 0.6949 0.9831 0.7288 0.4407 0.1525 0.0000 0.0000 0.0000 0.0000
0.0000 0.0000 0.0000 0.0000 0.0952 0.3968 0.6984 1.0000 0.6984 0.3968 0.0952 0.0000 0.0000 0.0000 0.0000 0.0000 0.0000 0.0000 0.0000 0.0000 0.2500 0.7500 0.7500 0.2500 0.0000 0.0000 0.0000 0.0000 0.0000 0.0000 0.0000 0.0000 0.0000 0.0000 0.0000 0.1695 0.4576 0.7458 0.9661 0.6780 0.3898 0.1017 0.0000 0.0000 0.0000
0.0000 0.0000 0.0000 0.0714 0.3730 0.6746 0.9762 0.7222 0.4206 0.1190 0.0000 0.0000 0.0000 0.0000 0.0000 0.0000 0.0000 0.0000 0.0000 0.0000 0.2500 0.7500 0.7500 0.2500 0.0000 0.0000 0.0000 0.0000 0.0000 0.0000 0.0000 0.0000 0.0000 0.0000 0.2542 0.5424 0.8305 0.8814 0.5932 0.3051 0.0169 0.0000 0.0000 0.0000 0.0000
0.0000 0.0000 0.0000 0.0000 0.0000 0.0635 0.3651 0.6667 0.9683 0.7302 0.4286 0.1270 0.0000 0.0000 0.0000 0.0000 0.0000 0.0000 0.0000 0.0000 0.0833 0.5833 0.9167 0.4167 0.0000 0.0000 0.0000 0.0000 0.0000 0.0000 0.0000 0.0000 0.0000 0.0000 0.0000 0.2712 0.5593 0.8475 0.8644 0.5763 0.2881 0.0000 0.0000 0.0000 0.0000
0.0000 0.0000 0.0000 0.0714 0.3730 0.6746 0.9762 0.7222 0.4206 0.1190 0.0000 0.0000 0.0000 0.0000 0.0000 0.0000 0.0000 0.0000 0.0000 0.0000 0.1667 0.6667 0.8333 0.3333 0.0000 0.0000 0.0000 0.0000 0.0000 0.0000 0.0000 0.0000 0.0000 0.0000 0.0000 0.2373 0.5254 0.8136 0.8983 0.6102 0.3220 0.0339 0.0000 0.0000 0.0000
0.0000 0.0000 0.0000 0.0000 0.2619 0.5635 0.8651 0.8333 0.5317 0.2302 0.0000 0.0000 0.0000 0.0000 0.0000 0.0000 0.0000 0.0000 0.0000 0.0000 0.4167 0.9167 0.5833 0.0833 0.0000 0.0000 0.0000 0.0000 0.0000 0.0000 0.0000 0.0000 0.0000 0.0000 0.0847 0.3729 0.6610 0.9492 0.7627 0.4746 0.1864 0.0000 0.0000 0.0000 0.0000
0.0000 0.0000 0.0000 0.0000 0.0397 0.3413 0.6429 0.9444 0.7540 0.4524 0.1508 0.0000 0.0000 0.0000 0.0000 0.0000 0.0000 0.0000 0.0000 0.3333 0.8333 0.6667 0.1667 0.0000 0.0000 0.0000 0.0000 0.0000 0.0000 0.0000 0.0000 0.0000 0.0000 0.0000 0.0000 0.2373 0.5254 0.8136 0.8983 0.6102 0.3220 0.0339 0.0000 0.0000 0.0000
0.0000 0.0000 0.0000 0.0714 0.3730 0.6746 0.9762 0.7222 0.4206 0.1190 0.0000 0.0000 0.0000 0.0000 0.0000 0.0000 0.0000 0.0000 0.0000 0.0833 0.5833 0.9167 0.4167 0.0000 0.0000 0.0000 0.0000 0.0000 0.0000 0.0000 0.0000 0.0000 0.0000 0.0000 0.1525 0.4407 0.7288 0.9831 0.6949 0.4068 0.1186 0.0000 0.0000 0.0000 0.0000
0.0000 0.0000 0.0000 0.0000 0.2063 0.5079 0.8095 0.8889 0.5873 0.2857 0.0000 0.0000 0.0000 0.0000 0.0000 0.0000 0.0000 0.0000 0.0000 0.0000 0.0000 0.5000 1.0000 0.5000 0.0000 0.0000 0.0000 0.0000 0.0000 0.0000 0.0000 0.0000 0.0000 0.0000 0.0000 0.1356 0.4237 0.7119 1.0000 0.7119 0.4237 0.1356 0.0000 0.0000 0.0000
0.0000 0.0000 0.0000 0.0000 0.0952 0.3968 0.6984 1.0000 0.6984 0.3968 0.0952 0.0000 0.0000 0.0000 0.0000 0.0000 0.0000 0.0000 0.0000 0.0000 0.3333 0.8333 0.6667 0.1667 0.0000 0.0000 0.0000 0.0000 0.0000 0.0000 0.0000 0.0000 0.0000 0.0000 0.1186 0.4068 0.6949 0.9831 0.7288 0.4407 0.1525 0.0000 0.0000 0.0000 0.0000
0.0000 0.0000 0.0000 0.0000 0.0000 0.2857 0.5873 0.8889 0.8095 0.5079 0.2063 0.0000 0.0000 0.0000 0.0000 0.0000 0.0000 0.0000 0.0000 0.0833 0.5833 0.9167 0.4167 0.0000 0.0000 0.0000 0.0000 0.0000 0.0000 0.0000 0.0000 0.0000 0.0000 0.0000 0.0000 0.1017 0.3898 0.6780 0.9661 0.7458 0.4576 0.1695 0.0000 0.0000 0.0000
0.0000 0.0000 0.0000 0.0000 0.0952 0.3968 0.6984 1.0000 0.6984 0.3968 0.0952 0.0000 0.0000 0.0000 0.0000 0.0000 0.0000 0.0000 0.0000 0.0000 0.3333 0.8333 0.6667 0.1667 0.0000 0.0000 0.0000 0.0000 0.0000 0.0000 0.0000 0.0000 0.0000 0.0000 0.0000 0.1695 0.4576 0.7458 0.9661 0.6780 0.3898 0.1017 0.0000 0.0000 0.0000
0.0000 0.0000 0.0000 0.0000 0.0000 0.2302 0.5317 0.8333 0.8651 0.5635 0.2619 0.0000 0.0000 0.0000 0.0000 0.0000 0.0000 0.0000 0.0000 0.0000 0.2500 0.7500 0.7500 0.2500 0.0000 0.0000 0.0000 0.0000 0.0000 0.0000 0.0000 0.0000 0.0000 0.0000 0.0169 0.3051 0.5932 0.8814 0.8305 0.5424 0.2542 0.0000 0.0000 0.0000 0.0000
0.0000 0.0000 0.0000 0.0000 0.0000 0.1190 0.4206 0.7222 0.9762 0.6746 0.3730 0.0714 0.0000 0.0000 0.0000 0.0000 0.0000 0.0000 0.0000 0.0000 0.1667 0.6667 0.8333 0.3333 0.0000 0.0000 0.0000 0.0000 0.0000 0.0000 0.0000 0.0000 0.0000 0.0000 0.0000 0.2712 0.5593 0.8475 0.8644 0.5763 0.2881 0.0000 0.0000 0.0000 0.0000
0.0000 0.0000 0.0000 0.0000 0.0000 0.0079 0.3095 0.6111 0.9127 0.7857 0.4841 0.1825 0.0000 0.0000 0.0000 0.0000 0.0000 0.0000 0.0000 0.0000 0.3333 0.8333 0.6667 0.1667 0.0000 0.0000 0.0000 0.0000 0.0000 0.0000 0.0000 0.0000 0.0000 0.0000 0.0000 0.1356 0.4237 0.7119 1.0000 0.7119 0.4237 0.1356 0.0000 0.0000 0.0000
0.0000 0.0000 0.0000 0.0000 0.0000 0.0635 0.3651 0.6667 0.9683 0.7302 0.4286 0.1270 0.0000 0.0000 0.0000 0.0000 0.0000 0.0000 0.0000 0.0000 0.1667 0.6667 0.8333 0.3333 0.0000 0.0000 0.0000 0.0000 0.0000 0.0000 0.0000 0.0000 0.0000 0.0000 0.0000 0.0678 0.3559 0.6441 0.9322 0.7797 0.4915 0.2034 0.0000 0.0000 0.0000
0.0000 0.0000 0.0000 0.0000 0.1508 0.4524 0.7540 0.9444 0.6429 0.3413 0.0397 0.0000 0.0000 0.0000 0.0000 0.0000 0.0000 0.0000 0.0000 0.0000 0.2500 0.7500 0.7500 0.2500 0.0000 0.0000 0.0000 0.0000 0.0000 0.0000 0.0000 0.0000 0.0000 0.0000 0.0000 0.2373 0.5254 0.8136 0.8983 0.6102 0.3220 0.0339 0.0000 0.0000 0.0000
0.0000 0.0000 0.0000 0.0159 0.3175 0.6190 0.9206 0.7778 0.4762 0.1746 0.0000 0.0000 0.0000 0.0000 0.0000 0.0000 0.0000 0.0000 0.0000 0.0000 0.5000 1.0000 0.5000 0.0000 0.0000 0.0000 0.0000 0.0000 0.0000 0.0000 0.0000 0.0000 0.0000 0.0000 0.2881 0.5763 0.8644 0.8475 0.5593 0.2712 0.0000 0.0000 0.0000 0.0000 0.0000
0.0000 0.0000 0.0000 0.1270 0.4286 0.7302 0.9683 0.6667 0.3651 0.0635 0.0000 0.0000 0.0000 0.0000 0.0000 0.0000 0.0000 0.0000 0.0000 0.1667 0.6667 0.8333 0.3333 0.0000 0.0000 0.0000 0.0000 0.0000 0.0000 0.0000 0.0000 0.0000 0.0000 0.0000 0.1864 0.4746 0.7627 0.9492 0.6610 0.3729 0.0847 0.0000 0.0000 0.0000 0.0000
0.0000 0.0000 0.0000 0.1270 0.4286 0.7302 0.9683 0.6667 0.3651 0.0635 0.0000 0.0000 0.0000 0.0000 0.0000 0.0000 0.0000 0.0000 0.0000 0.1667 0.6667 0.8333 0.3333 0.0000 0.0000 0.0000 0.0000 0.0000 0.0000 0.0000 0.0000 0.0000 0.0000 0.0000 0.2203 0.5085 0.7966 0.9153 0.6271 0.3390 0.0508 0.0000 0.0000 0.0000 0.0000
0.0000 0.0000 0.0000 0.0000 0.2619 0.5635 0.8651 0.8333 0.5317 0.2302 0.0000 0.0000 0.0000 0.0000 0.0000 0.0000 0.0000 0.0000 0.0000 0.0000 0.4167 0.9167 0.5833 0.0833 0.0000 0.0000 0.0000 0.0000 0.0000 0.0000 0.0000 0.0000 0.0000 0.0000 0.1525 0.4407 0.7288 0.9831 0.6949 0.4068 0.1186 0.0000 0.0000 0.0000 0.0000
0.0000 0.0000 0.0000 0.0000 0.1508 0.4524 0.7540 0.9444 0.6429 0.3413 0.0397 0.0000 0.0000 0.0000 0.0000 0.0000 0.0000 0.0000 0.0000 0.0000 0.4167 0.9167 0.5833 0.0833 0.0000 0.0000 0.0000 0.0000 0.0000 0.0000 0.0000 0.0000 0.0000 0.0000 0.0000 0.0339 0.3220 0.6102 0.8983 0.8136 0.5254 0.2373 0.0000 0.0000 0.0000
0.0000 0.0000 0.0000 0.1825 0.4841 0.7857 0.9127 0.6111 0.3095 0.0079 0.0000 0.0000 0.0000 0.0000 0.0000 0.0000 0.0000 0.0000 0.0000 0.0000 0.1667 0.6667 0.8333 0.3333 0.0000 0.0000 0.0000 0.0000 0.0000 0.0000 0.0000 0.0000 0.0000 0.0000 0.0000 0.2373 0.5254 0.8136 0.8983 0.6102 0.3220 0.0339 0.0000 0.0000 0.0000
0.0000 0.0000 0.0000 0.0000 0.1508 0.4524 0.7540 0.9444 0.6429 0.3413 0.0397 0.0000 0.0000 0.0000 0.0000 0.0000 0.0000 0.0000 0.0000 0.0000 0.0000 0.3333 0.8333 0.6667 0.1667 0.0000 0.0000 0.0000 0.0000 0.0000 0.0000 0.0000 0.0000 0.0000 0.0000 0.2373 0.5254 0.8136 0.8983 0.6102 0.3220 0.0339 0.0000 0.0000 0.0000
0.0000 0.0000 0.0000 0.0000 0.0000 0.0635 0.3651 0.6667 0.9683 0.7302 0.4286 0.1270 0.0000 0.0000 0.0000 0.0000 0.0000 0.0000 0.0000 0.0000 0.0833 0.5833 0.9167 0.4167 0.0000 0.0000 0.0000 0.0000 0.0000 0.0000 0.0000 0.0000 0.0000 0.0000 0.0000 0.1695 0.4576 0.7458 0.9661 0.6780 0.3898 0.1017 0.0000 0.0000 0.0000
0.0000 0.0000 0.0000 0.0000 0.0000 0.2857 0.5873 0.8889 0.8095 0.5079 0.2063 0.0000 0.0000 0.0000 0.0000 0.0000 0.0000 0.0000 0.0000 0.2500 0.7500 0.7500 0.2500 0.0000 0.0000 0.0000 0.0000 0.0000 0.0000 0.0000 0.0000 0.0000 0.0000 0.0000 0.0000 0.2712 0.5593 0.8475 0.8644 0.5763 0.2881 0.0000 0.0000 0.0000 0.0000
0.0000 0.0000 0.0000 0.0714 0.3730 0.6746 0.9762 0.7222 0.4206 0.1190 0.0000 0.0000 0.0000 0.0000 0.0000 0.0000 0.0000 0.0000 0.0000 0.0000 0.1667 0.6667 0.8333 0.3333 0.0000 0.0000 0.0000 0.0000 0.0000 0.0000 0.0000 0.0000 0.0000 0.0000 0.0847 0.3729 0.6610 0.9492 0.7627 0.4746 0.1864 0.0000 0.0000 0.0000 0.0000
0.0000 0.0000 0.0000 0.1270 0.4286 0.7302 0.9683 0.6667 0.3651 0.0635 0.0000 0.0000 0.0000 0.0000 0.0000 0.0000 0.0000 0.0000 0.0000 0.0833 0.5833 0.9167 0.4167 0.0000 0.0000 0.0000 0.0000 0.0000 0.0000 0.0000 0.0000 0.0000 0.0000 0.0000 0.1186 0.4068 0.6949 0.9831 0.7288 0.4407 0.1525 0.0000 0.0000 0.0000 0.0000
0.0000 0.0000 0.0000 0.1270 0.4286 0.7302 0.9683 0.6667 0.3651 0.0635 0.0000 0.0000 0.0000 0.0000 0.0000 0.0000 0.0000 0.0000 0.0000 0.0000 0.5000 1.0000 0.5000 0.0000 0.0000 0.0000 0.0000 0.0000 0.0000 0.0000 0.0000 0.0000 0.0000 0.0000 0.0000 0.2712 0.5593 0.8475 0.8644 0.5763 0.2881 0.0000 0.0000 0.0000 0.0000
0.0000 0.0000 0.0000 0.0000 0.0952 0.3968 0.6984 1.0000 0.6984 0.3968 0.0952 0.0000 0.0000 0.0000 0.0000 0.0000 0.0000 0.0000 0.0000 0.0000 0.1667 0.6667 0.8333 0.3333 0.0000 0.0000 0.0000 0.0000 0.0000 0.0000 0.0000 0.0000 0.0000 0.0000 0.0000 0.2034 0.4915 0.7797 0.9322 0.6441 0.3559 0.0678 0.0000 0.0000 0.0000
0.0000 0.0000 0.0000 0.0000 0.2619 0.5635 0.8651 0.8333 0.5317 0.2302 0.0000 0.0000 0.0000 0.0000 0.0000 0.0000 0.0000 0.0000 0.0000 0.0000 0.5000 1.0000 0.5000 0.0000 0.0000 0.0000 0.0000 0.0000 0.0000 0.0000 0.0000 0.0000 0.0000 0.0000 0.1186 0.4068 0.6949 0.9831 0.7288 0.4407 0.1525 0.0000 0.0000 0.0000 0.0000
0.0000 0.0000 0.1032 0.4048 0.7063 0.9921 0.6905 0.3889 0.0873 0.0000 0.0000 0.0000 0.0000 0.0000 0.0000 0.0000 0.0000 0.0000 0.0000 0.2500 0.7500 0.7500 0.2500 0.0000 0.0000 0.0000 0.0000 0.0000 0.0000 0.0000 0.0000 0.0000 0.0000 0.0678 0.3559 0.6441 0.9322 0.7797 0.4915 0.2034 0.0000 0.0000 0.0000 0.0000 0.0000
0.0000 0.0000 0.0000 0.0714 0.3730 0.6746 0.9762 0.7222 0.4206 0.1190 0.0000 0.0000 0.0000 0.0000 0.0000 0.0000 0.0000 0.0000 0.0000 0.0000 0.4167 0.9167 0.5833 0.0833 0.0000 0.0000 0.0000 0.0000 0.0000 0.0000 0.0000 0.0000 0.0000 0.0000 0.0508 0.3390 0.6271 0.9153 0.7966 0.5085 0.2203 0.0000 0.0000 0.0000 0.0000
0.0000 0.0000 0.0000 0.0159 0.3175 0.6190 0.9206 0.7778 0.4762 0.1746 0.0000 0.0000 0.0000 0.0000 0.0000 0.0000 0.0000 0.0000 0.0000 0.0000 0.1667 0.6667 0.8333 0.3333 0.0000 0.0000 0.0000 0.0000 0.0000 0.0000 0.0000 0.0000 0.0000 0.0000 0.0508 0.3390 0.6271 0.9153 0.7966 0.5085 0.2203 0.0000 0.0000 0.0000 0.0000
0.0000 0.0000 0.0000 0.0159 0.3175 0.6190 0.9206 0.7778 0.4762 0.1746 0.0000 0.0000 0.0000 0.0000 0.0000 0.0000 0.0000 0.0000 0.0000 0.0000 0.2500 0.7500 0.7500 0.2500 0.0000 0.0000 0.0000 0.0000 0.0000 0.0000 0.0000 0.0000 0.0000 0.0000 0.0508 0.3390 0.6271 0.9153 0.7966 0.5085 0.2203 0.0000 0.0000 0.0000 0.0000
0.0000 0.0000 0.0000 0.0000 0.0397 0.3413 0.6429 0.9444 0.7540 0.4524 0.1508 0.0000 0.0000 0.0000 0.0000 0.0000 0.0000 0.0000 0.0000 0.0000 0.2500 0.7500 0.7500 0.2500 0.0000 0.0000 0.0000 0.0000 0.0000 0.0000 0.0000 0.0000 0.0000 0.0000 0.0169 0.3051 0.5932 0.8814 0.8305 0.5424 0.2542 0.0000 0.0000 0.0000 0.0000
0.0000 0.0000 0.0476 0.3492 0.6508 0.9524 0.7460 0.4444 0.1429 0.0000 0.0000 0.0000 0.0000 0.0000 0.0000 0.0000 0.0000 0.0000 0.0000 0.0833 0.5833 0.9167 0.4167 0.0000 0.0000 0.0000 0.0000 0.0000 0.0000 0.0000 0.0000 0.0000 0.0000 0.1695 0.4576 0.7458 0.9661 0.6780 0.3898 0.1017 0.0000 0.0000 0.0000 0.0000 0.0000
0.0000 0.0000 0.0000 0.0159 0.3175 0.6190 0.9206 0.7778 0.4762 0.1746 0.0000 0.0000 0.0000 0.0000 0.0000 0.0000 0.0000 0.0000 0.0000 0.0000 0.3333 0.8333 0.6667 0.1667 0.0000 0.0000 0.0000 0.0000 0.0000 0.0000 0.0000 0.0000 0.0000 0.0000 0.0847 0.3729 0.6610 0.9492 0.7627 0.4746 0.1864 0.0000 0.0000 0.0000 0.0000
0.0000 0.0000 0.0000 0.0000 0.0000 0.2857 0.5873 0.8889 0.8095 0.5079 0.2063 0.0000 0.0000 0.0000 0.0000 0.0000 0.0000 0.0000 0.0000 0.0000 0.0000 0.4167 0.9167 0.5833 0.0833 0.0000 0.0000 0.0000 0.0000 0.0000 0.0000 0.0000 0.0000 0.0000 0.0000 0.0000 0.0169 0.3051 0.5932 0.8814 0.8305 0.5424 0.2542 0.0000 0.0000
0.0000 0.0000 0.0000 0.0000 0.2619 0.5635 0.8651 0.8333 0.5317 0.2302 0.0000 0.0000 0.0000 0.0000 0.0000 0.0000 0.0000 0.0000 0.0000 0.0000 0.4167 0.9167 0.5833 0.0833 0.0000 0.0000 0.0000 0.0000 0.0000 0.0000 0.0000 0.0000 0.0000 0.0000 0.0000 0.0339 0.3220 0.6102 0.8983 0.8136 0.5254 0.2373 0.0000 0.0000 0.0000
0.0000 0.0000 0.0000 0.0000 0.0000 0.0000 0.1429 0.4444 0.7460 0.9524 0.6508 0.3492 0.0476 0.0000 0.0000 0.0000 0.0000 0.0000 0.0000 0.0000 0.1667 0.6667 0.8333 0.3333 0.0000 0.0000 0.0000 0.0000 0.0000 0.0000 0.0000 0.0000 0.0000 0.0000 0.0000 0.0000 0.0508 0.3390 0.6271 0.9153 0.7966 0.5085 0.2203 0.0000 0.0000
0.0000 0.0000 0.0000 0.0000 0.0000 0.2857 0.5873 0.8889 0.8095 0.5079 0.2063 0.0000 0.0000 0.0000 0.0000 0.0000 0.0000 0.0000 0.0000 0.0000 0.2500 0.7500 0.7500 0.2500 0.0000 0.0000 0.0000 0.0000 0.0000 0.0000 0.0000 0.0000 0.0000 0.0000 0.0000 0.0000 0.1525 0.4407 0.7288 0.9831 0.6949 0.4068 0.1186 0.0000 0.0000
0.0000 0.0000 0.0000 0.0000 0.0000 0.1746 0.4762 0.7778 0.9206 0.6190 0.3175 0.0159 0.0000 0.0000 0.0000 0.0000 0.0000 0.0000 0.0000 0.0000 0.1667 0.6667 0.8333 0.3333 0.0000 0.0000 0.0000 0.0000 0.0000 0.0000 0.0000 0.0000 0.0000 0.0000 0.0000 0.0000 0.0847 0.3729 0.6610 0.9492 0.7627 0.4746 0.1864 0.0000 0.0000
0.0000 0.0000 0.0000 0.0000 0.0000 0.0000 0.0000 0.1667 0.4683 0.7698 0.9286 0.6270 0.3254 0.0238 0.0000 0.0000 0.0000 0.0000 0.0000 0.0000 0.1667 0.6667 0.8333 0.3333 0.0000 0.0000 0.0000 0.0000 0.0000 0.0000 0.0000 0.0000 0.0000 0.0000 0.0000 0.0000 0.0000 0.1017 0.3898 0.6780 0.9661 0.7458 0.4576 0.1695 0.0000
0.0000 0.0000 0.1587 0.4603 0.7619 0.9365 0.6349 0.3333 0.0317 0.0000 0.0000 0.0000 0.0000 0.0000 0.0000 0.0000 0.0000 0.0000 0.0000 0.0833 0.5833 0.9167 0.4167 0.0000 0.0000 0.0000 0.0000 0.0000 0.0000 0.0000 0.0000 0.0000 0.0000 0.0000 0.0000 0.2373 0.5254 0.8136 0.8983 0.6102 0.3220 0.0339 0.0000 0.0000 0.0000
0.0000 0.0000 0.0000 0.0000 0.0000 0.0000 0.0317 0.3333 0.6349 0.9365 0.7619 0.4603 0.1587 0.0000 0.0000 0.0000 0.0000 0.0000 0.0000 0.0000 0.2500 0.7500 0.7500 0.2500 0.0000 0.0000 0.0000 0.0000 0.0000 0.0000 0.0000 0.0000 0.0000 0.0000 0.0000 0.0000 0.0000 0.2034 0.4915 0.7797 0.9322 0.6441 0.3559 0.0678 0.0000
0.0000 0.0000 0.0000 0.0000 0.0000 0.0635 0.3651 0.6667 0.9683 0.7302 0.4286 0.1270 0.0000 0.0000 0.0000 0.0000 0.0000 0.0000 0.0000 0.0833 0.5833 0.9167 0.4167 0.0000 0.0000 0.0000 0.0000 0.0000 0.0000 0.0000 0.0000 0.0000 0.0000 0.0000 0.0000 0.0000 0.0847 0.3729 0.6610 0.9492 0.7627 0.4746 0.1864 0.0000 0.0000
0.0000 0.0000 0.0000 0.0000 0.0000 0.0000 0.0873 0.3889 0.6905 0.9921 0.7063 0.4048 0.1032 0.0000 0.0000 0.0000 0.0000 0.0000 0.0000 0.0000 0.0000 0.1667 0.6667 0.8333 0.3333 0.0000 0.0000 0.0000 0.0000 0.0000 0.0000 0.0000 0.0000 0.0000 0.0000 0.0000 0.0000 0.2712 0.5593 0.8475 0.8644 0.5763 0.2881 0.0000 0.0000
0.0000 0.0000 0.0000 0.0000 0.0000 0.1746 0.4762 0.7778 0.9206 0.6190 0.3175 0.0159 0.0000 0.0000 0.0000 0.0000 0.0000 0.0000 0.0000 0.0000 0.0000 0.5000 1.0000 0.5000 0.0000 0.0000 0.0000 0.0000 0.0000 0.0000 0.0000 0.0000 0.0000 0.0000 0.0000 0.0339 0.3220 0.6102 0.8983 0.8136 0.5254 0.2373 0.0000 0.0000 0.0000
0.0000 0.0000 0.0000 0.0000 0.0000 0.2302 0.5317 0.8333 0.8651 0.5635 0.2619 0.0000 0.0000 0.0000 0.0000 0.0000 0.0000 0.0000 0.0000 0.0000 0.4167 0.9167 0.5833 0.0833 0.0000 0.0000 0.0000 0.0000 0.0000 0.0000 0.0000 0.0000 0.0000 0.0000 0.0000 0.0000 0.2542 0.5424 0.8305 0.8814 0.5932 0.3051 0.0169 0.0000 0.0000
0.0000 0.0000 0.0000 0.0000 0.0000 0.0079 0.3095 0.6111 0.9127 0.7857 0.4841 0.1825 0.0000 0.0000 0.0000 0.0000 0.0000 0.0000 0.0000 0.0000 0.1667 0.6667 0.8333 0.3333 0.0000 0.0000 0.0000 0.0000 0.0000 0.0000 0.0000 0.0000 0.0000 0.0000 0.0000 0.0000 0.1864 0.4746 0.7627 0.9492 0.6610 0.3729 0.0847 0.0000 0.0000
0.0000 0.0000 0.0000 0.0159 0.3175 0.6190 0.9206 0.7778 0.4762 0.1746 0.0000 0.0000 0.0000 0.0000 0.0000 0.0000 0.0000 0.0000 0.0000 0.0833 0.5833 0.9167 0.4167 0.0000 0.0000 0.0000 0.0000 0.0000 0.0000 0.0000 0.0000 0.0000 0.0000 0.0000 0.0000 0.0678 0.3559 0.6441 0.9322 0.7797 0.4915 0.2034 0.0000 0.0000 0.0000
0.0000 0.0000 0.0000 0.0000 0.2619 0.5635 0.8651 0.8333 0.5317 0.2302 0.0000 0.0000 0.0000 0.0000 0.0000 0.0000 0.0000 0.0000 0.0000 0.0000 0.3333 0.8333 0.6667 0.1667 0.0000 0.0000 0.0000 0.0000 0.0000 0.0000 0.0000 0.0000 0.0000 0.0000 0.0000 0.0339 0.3220 0.6102 0.8983 0.8136 0.5254 0.2373 0.0000 0.0000 0.0000
0.0000 0.0000 0.0000 0.0000 0.0000 0.2302 0.5317 0.8333 0.8651 0.5635 0.2619 0.0000 0.0000 0.0000 0.0000 0.0000 0.0000 0.0000 0.0000 0.0000 0.0000 0.5000 1.0000 0.5000 0.0000 0.0000 0.0000 0.0000 0.0000 0.0000 0.0000 0.0000 0.0000 0.0000 0.0000 0.0000 0.2542 0.5424 0.8305 0.8814 0.5932 0.3051 0.0169 0.0000 0.0000
0.0000 0.0000 0.0000 0.0000 0.0000 0.1746 0.4762 0.7778 0.9206 0.6190 0.3175 0.0159 0.0000 0.0000 0.0000 0.0000 0.0000 0.0000 0.0000 0.0000 0.1667 0.6667 0.8333 0.3333 0.0000 0.0000 0.0000 0.0000 0.0000 0.0000 0.0000 0.0000 0.0000 0.0000 0.0000 0.0000 0.1864 0.4746 0.7627 0.9492 0.6610 0.3729 0.0847 0.0000 0.0000
0.0000 0.0000 0.0000 0.0000 0.0000 0.0000 0.0000 0.1111 0.4127 0.7143 0.9841 0.6825 0.3810 0.0794 0.0000 0.0000 0.0000 0.0000 0.0000 0.0000 0.0000 0.0000 0.5000 1.0000 0.5000 0.0000 0.0000 0.0000 0.0000 0.0000 0.0000 0.0000 0.0000 0.0000 0.0000 0.0000 0.0000 0.0678 0.3559 0.6441 0.9322 0.7797 0.4915 0.2034 0.0000
0.0000 0.0000 0.0000 0.0000 0.0000 0.0000 0.0000 0.1111 0.4127 0.7143 0.9841 0.6825 0.3810 0.0794 0.0000 0.0000 0.0000 0.0000 0.0000 0.0000 0.5000 1.0000 0.5000 0.0000 0.0000 0.0000 0.0000 0.0000 0.0000 0.0000 0.0000 0.0000 0.0000 0.0000 0.0000 0.0000 0.0000 0.0000 0.2881 0.5763 0.8644 0.8475 0.5593 0.2712 0.0000
0.0000 0.0000 0.0000 0.0000 0.1508 0.4524 0.7540 0.9444 0.6429 0.3413 0.0397 0.0000 0.0000 0.0000 0.0000 0.0000 0.0000 0.0000 0.0000 0.3333 0.8333 0.6667 0.1667 0.0000 0.0000 0.0000 0.0000 0.0000 0.0000 0.0000 0.0000 0.0000 0.0000 0.0000 0.0000 0.0678 0.3559 0.6441 0.9322 0.7797 0.4915 0.2034 0.0000 0.0000 0.0000
0.0000 0.0000 0.0000 0.0000 0.0000 0.0000 0.2540 0.5556 0.8571 0.8413 0.5397 0.2381 0.0000 0.0000 0.0000 0.0000 0.0000 0.0000 0.0000 0.0000 0.0000 0.5000 1.0000 0.5000 0.0000 0.0000 0.0000 0.0000 0.0000 0.0000 0.0000 0.0000 0.0000 0.0000 0.0000 0.0000 0.1186 0.4068 0.6949 0.9831 0.7288 0.4407 0.1525 0.0000 0.0000
0.0000 0.0000 0.0000 0.0714 0.3730 0.6746 0.9762 0.7222 0.4206 0.1190 0.0000 0.0000 0.0000 0.0000 0.0000 0.0000 0.0000 0.0000 0.0000 0.0000 0.3333 0.8333 0.6667 0.1667 0.0000 0.0000 0.0000 0.0000 0.0000 0.0000 0.0000 0.0000 0.0000 0.0000 0.0000 0.1017 0.3898 0.6780 0.9661 0.7458 0.4576 0.1695 0.0000 0.0000 0.0000
0.0000 0.0000 0.0000 0.0000 0.0000 0.0000 0.0000 0.1111 0.4127 0.7143 0.9841 0.6825 0.3810 0.0794 0.0000 0.0000 0.0000 0.0000 0.0000 0.0000 0.3333 0.8333 0.6667 0.1667 0.0000 0.0000 0.0000 0.0000 0.0000 0.0000 0.0000 0.0000 0.0000 0.0000 0.0000 0.0000 0.0000 0.0678 0.3559 0.6441 0.9322 0.7797 0.4915 0.2034 0.0000
0.0000 0.0000 0.0000 0.0000 0.0000 0.2857 0.5873 0.8889 0.8095 0.5079 0.2063 0.0000 0.0000 0.0000 0.0000 0.0000 0.0000 0.0000 0.0000 0.0000 0.4167 0.9167 0.5833 0.0833 0.0000 0.0000 0.0000 0.0000 0.0000 0.0000 0.0000 0.0000 0.0000 0.0000 0.0000 0.1017 0.3898 0.6780 0.9661 0.7458 0.4576 0.1695 0.0000 0.0000 0.0000
0.0000 0.0000 0.0000 0.0000 0.0000 0.0635 0.3651 0.6667 0.9683 0.7302 0.4286 0.1270 0.0000 0.0000 0.0000 0.0000 0.0000 0.0000 0.0000 0.0000 0.0000 0.4167 0.9167 0.5833 0.0833 0.0000 0.0000 0.0000 0.0000 0.0000 0.0000 0.0000 0.0000 0.0000 0.0000 0.0000 0.1186 0.4068 0.6949 0.9831 0.7288 0.4407 0.1525 0.0000 0.0000
0.0000 0.0000 0.0000 0.0000 0.0000 0.0000 0.0873 0.3889 0.6905 0.9921 0.7063 0.4048 0.1032 0.0000 0.0000 0.0000 0.0000 0.0000 0.0000 0.0000 0.0000 0.5000 1.0000 0.5000 0.0000 0.0000 0.0000 0.0000 0.0000 0.0000 0.0000 0.0000 0.0000 0.0000 0.0000 0.0000 0.0169 0.3051 0.5932 0.8814 0.8305 0.5424 0.2542 0.0000 0.0000
0.0000 0.0000 0.0000 0.0000 0.0397 0.3413 0.6429 0.9444 0.7540 0.4524 0.1508 0.0000 0.0000 0.0000 0.0000 0.0000 0.0000 0.0000 0.0000 0.0000 0.3333 0.8333 0.6667 0.1667 0.0000 0.0000 0.0000 0.0000 0.0000 0.0000 0.0000 0.0000 0.0000 0.0000 0.0000 0.1356 0.4237 0.7119 1.0000 0.7119 0.4237 0.1356 0.0000 0.0000 0.0000
0.0000 0.0000 0.0000 0.0000 0.0952 0.3968 0.6984 1.0000 0.6984 0.3968 0.0952 0.0000 0.0000 0.0000 0.0000 0.0000 0.0000 0.0000 0.0000 0.0000 0.1667 0.6667 0.8333 0.3333 0.0000 0.0000 0.0000 0.0000 0.0000 0.0000 0.0000 0.0000 0.0000 0.0000 0.0000 0.1017 0.3898 0.6780 0.9661 0.7458 0.4576 0.1695 0.0000 0.0000 0.0000
0.0000 0.0000 0.0000 0.0000 0.0000 0.2302 0.5317 0.8333 0.8651 0.5635 0.2619 0.0000 0.0000 0.0000 0.0000 0.0000 0.0000 0.0000 0.0000 0.0000 0.3333 0.8333 0.6667 0.1667 0.0000 0.0000 0.0000 0.0000 0.0000 0.0000 0.0000 0.0000 0.0000 0.0000 0.0000 0.0000 0.1525 0.4407 0.7288 0.9831 0.6949 0.4068 0.1186 0.0000 0.0000
0.0000 0.0000 0.0000 0.0000 0.0000 0.0000 0.0873 0.3889 0.6905 0.9921 0.7063 0.4048 0.1032 0.0000 0.0000 0.0000 0.0000 0.0000 0.0000 0.0000 0.1667 0.6667 0.8333 0.3333 0.0000 0.0000 0.0000 0.0000 0.0000 0.0000 0.0000 0.0000 0.0000 0.0000 0.0000 0.0000 0.0847 0.3729 0.6610 0.9492 0.7627 0.4746 0.1864 0.0000 0.0000
0.0000 0.0000 0.0000 0.0000 0.0000 0.0000 0.0000 0.2778 0.5794 0.8810 0.8175 0.5159 0.2143 0.0000 0.0000 0.0000 0.0000 0.0000 0.0000 0.0000 0.3333 0.8333 0.6667 0.1667 0.0000 0.0000 0.0000 0.0000 0.0000 0.0000 0.0000 0.0000 0.0000 0.0000 0.0000 0.0000 0.0000 0.2712 0.5593 0.8475 0.8644 0.5763 0.2881 0.0000 0.0000
0.0000 0.0000 0.0000 0.0000 0.0000 0.0000 0.0000 0.0000 0.3016 0.6032 0.9048 0.7937 0.4921 0.1905 0.0000 0.0000 0.0000 0.0000 0.0000 0.0000 0.0000 0.0000 0.5000 1.0000 0.5000 0.0000 0.0000 0.0000 0.0000 0.0000 0.0000 0.0000 0.0000 0.0000 0.0000 0.0000 0.0000 0.1695 0.4576 0.7458 0.9661 0.6780 0.3898 0.1017 0.0000
0.0000 0.0000 0.0000 0.0000 0.0000 0.2302 0.5317 0.8333 0.8651 0.5635 0.2619 0.0000 0.0000 0.0000 0.0000 0.0000 0.0000 0.0000 0.0000 0.0000 0.3333 0.8333 0.6667 0.1667 0.0000 0.0000 0.0000 0.0000 0.0000 0.0000 0.0000 0.0000 0.0000 0.0000 0.0000 0.0000 0.1525 0.4407 0.7288 0.9831 0.6949 0.4068 0.1186 0.0000 0.0000
0.0000 0.0000 0.0000 0.0000 0.0000 0.2857 0.5873 0.8889 0.8095 0.5079 0.2063 0.0000 0.0000 0.0000 0.0000 0.0000 0.0000 0.0000 0.0000 0.0000 0.3333 0.8333 0.6667 0.1667 0.0000 0.0000 0.0000 0.0000 0.0000 0.0000 0.0000 0.0000 0.0000 0.0000 0.0000 0.0339 0.3220 0.6102 0.8983 0.8136 0.5254 0.2373 0.0000 0.0000 0.0000
0.0000 0.0000 0.0000 0.0000 0.0952 0.3968 0.6984 1.0000 0.6984 0.3968 0.0952 0.0000 0.0000 0.0000 0.0000 0.0000 0.0000 0.0000 0.0000 0.0000 0.5000 1.0000 0.5000 0.0000 0.0000 0.0000 0.0000 0.0000 0.0000 0.0000 0.0000 0.0000 0.0000 0.0000 0.0000 0.0000 0.1525 0.4407 0.7288 0.9831 0.6949 0.4068 0.1186 0.0000 0.0000
0.0000 0.0000 0.0000 0.0000 0.0000 0.0000 0.0000 0.1111 0.4127 0.7143 0.9841 0.6825 0.3810 0.0794 0.0000 0.0000 0.0000 0.0000 0.0000 0.0000 0.1667 0.6667 0.8333 0.3333 0.0000 0.0000 0.0000 0.0000 0.0000 0.0000 0.0000 0.0000 0.0000 0.0000 0.0000 0.0000 0.0000 0.2712 0.5593 0.8475 0.8644 0.5763 0.2881 0.0000 0.0000
0.0000 0.0000 0.0000 0.0000 0.0000 0.2857 0.5873 0.8889 0.8095 0.5079 0.2063 0.0000 0.0000 0.0000 0.0000 0.0000 0.0000 0.0000 0.0000 0.0000 0.0000 0.3333 0.8333 0.6667 0.1667 0.0000 0.0000 0.0000 0.0000 0.0000 0.0000 0.0000 0.0000 0.0000 0.0000 0.0000 0.1525 0.4407 0.7288 0.9831 0.6949 0.4068 0.1186 0.0000 0.0000
0.0000 0.0000 0.0000 0.0000 0.0000 0.2302 0.5317 0.8333 0.8651 0.5635 0.2619 0.0000 0.0000 0.0000 0.0000 0.0000 0.0000 0.0000 0.0000 0.0000 0.0833 0.5833 0.9167 0.4167 0.0000 0.0000 0.0000 0.0000 0.0000 0.0000 0.0000 0.0000 0.0000 0.0000 0.0000 0.0000 0.1864 0.4746 0.7627 0.9492 0.6610 0.3729 0.0847 0.0000 0.0000
0.0000 0.0000 0.0000 0.0000 0.1508 0.4524 0.7540 0.9444 0.6429 0.3413 0.0397 0.0000 0.0000 0.0000 0.0000 0.0000 0.0000 0.0000 0.0000 0.0000 0.1667 0.6667 0.8333 0.3333 0.0000 0.0000 0.0000 0.0000 0.0000 0.0000 0.0000 0.0000 0.0000 0.0000 0.0000 0.1356 0.4237 0.7119 1.0000 0.7119 0.4237 0.1356 0.0000 0.0000 0.0000
0.0000 0.0000 0.0000 0.0000 0.0000 0.0000 0.2540 0.5556 0.8571 0.8413 0.5397 0.2381 0.0000 0.0000 0.0000 0.0000 0.0000 0.0000 0.0000 0.0000 0.0833 0.5833 0.9167 0.4167 0.0000 0.0000 0.0000 0.0000 0.0000 0.0000 0.0000 0.0000 0.0000 0.0000 0.0000 0.0000 0.2203 0.5085 0.7966 0.9153 0.6271 0.3390 0.0508 0.0000 0.0000
0.0000 0.0000 0.0000 0.0000 0.0000 0.0635 0.3651 0.6667 0.9683 0.7302 0.4286 0.1270 0.0000 0.0000 0.0000 0.0000 0.0000 0.0000 0.0000 0.0000 0.0833 0.5833 0.9167 0.4167 0.0000 0.0000 0.0000 0.0000 0.0000 0.0000 0.0000 0.0000 0.0000 0.0000 0.0000 0.0000 0.1525 0.4407 0.7288 0.9831 0.6949 0.4068 0.1186 0.0000 0.0000
0.0000 0.0000 0.0000 0.0000 0.0000 0.0000 0.2540 0.5556 0.8571 0.8413 0.5397 0.2381 0.0000 0.0000 0.0000 0.0000 0.0000 0.0000 0.0000 0.0000 0.0833 0.5833 0.9167 0.4167 0.0000 0.0000 0.0000 0.0000 0.0000 0.0000 0.0000 0.0000 0.0000 0.0000 0.0000 0.0339 0.3220 0.6102 0.8983 0.8136 0.5254 0.2373 0.0000 0.0000 0.0000
0.0000 0.0000 0.0000 0.0000 0.2619 0.5635 0.8651 0.8333 0.5317 0.2302 0.0000 0.0000 0.0000 0.0000 0.0000 0.0000 0.0000 0.0000 0.0000 0.0000 0.4167 0.9167 0.5833 0.0833 0.0000 0.0000 0.0000 0.0000 0.0000 0.0000 0.0000 0.0000 0.0000 0.0000 0.0000 0.0339 0.3220 0.6102 0.8983 0.8136 0.5254 0.2373 0.0000 0.0000 0.0000
0.0000 0.0000 0.0000 0.0000 0.0000 0.0079 0.3095 0.6111 0.9127 0.7857 0.4841 0.1825 0.0000 0.0000 0.0000 0.0000 0.0000 0.0000 0.0000 0.0000 0.0000 0.5000 1.0000 0.5000 0.0000 0.0000 0.0000 0.0000 0.0000 0.0000 0.0000 0.0000 0.0000 0.0000 0.0000 0.0000 0.0508 0.3390 0.6271 0.9153 0.7966 0.5085 0.2203 0.0000 0.0000
0.0000 0.0000 0.0000 0.0000 0.0000 0.0635 0.3651 0.6667 0.9683 0.7302 0.4286 0.1270 0.0000 0.0000 0.0000 0.0000 0.0000 0.0000 0.0000 0.0000 0.0000 0.4167 0.9167 0.5833 0.0833 0.0000 0.0000 0.0000 0.0000 0.0000 0.0000 0.0000 0.0000 0.0000 0.0000 0.0000 0.1186 0.4068 0.6949 0.9831 0.7288 0.4407 0.1525 0.0000 0.0000
0.0000 0.0000 0.0000 0.0000 0.0000 0.0635 0.3651 0.6667 0.9683 0.7302 0.4286 0.1270 0.0000 0.0000 0.0000 0.0000 0.0000 0.0000 0.0000 0.0000 0.1667 0.6667 0.8333 0.3333 0.0000 0.0000 0.0000 0.0000 0.0000 0.0000 0.0000 0.0000 0.0000 0.0000 0.0000 0.0000 0.2881 0.5763 0.8644 0.8475 0.5593 0.2712 0.0000 0.0000 0.0000
0.0000 0.0000 0.0000 0.0000 0.0000 0.2857 0.5873 0.8889 0.8095 0.5079 0.2063 0.0000 0.0000 0.0000 0.0000 0.0000 0.0000 0.0000 0.0000 0.0833 0.5833 0.9167 0.4167 0.0000 0.0000 0.0000 0.0000 0.0000 0.0000 0.0000 0.0000 0.0000 0.0000 0.0000 0.0000 0.0678 0.3559 0.6441 0.9322 0.7797 0.4915 0.2034 0.0000 0.0000 0.0000
0.0000 0.0000 0.0000 0.0000 0.0000 0.1746 0.4762 0.7778 0.9206 0.6190 0.3175 0.0159 0.0000 0.0000 0.0000 0.0000 0.0000 0.0000 0.0000 0.0000 0.1667 0.6667 0.8333 0.3333 0.0000 0.0000 0.0000 0.0000 0.0000 0.0000 0.0000 0.0000 0.0000 0.0000 0.0000 0.0000 0.2881 0.5763 0.8644 0.8475 0.5593 0.2712 0.0000 0.0000 0.0000
0.0000 0.0000 0.0000 0.0000 0.0397 0.3413 0.6429 0.9444 0.7540 0.4524 0.1508 0.0000 0.0000 0.0000 0.0000 0.0000 0.0000 0.0000 0.0000 0.0000 0.0000 0.3333 0.8333 0.6667 0.1667 0.0000 0.0000 0.0000 0.0000 0.0000 0.0000 0.0000 0.0000 0.0000 0.0000 0.0000 0.2203 0.5085 0.7966 0.9153 0.6271 0.3390 0.0508 0.0000 0.0000
0.0000 0.0000 0.0000 0.0000 0.2063 0.5079 0.8095 0.8889 0.5873 0.2857 0.0000 0.0000 0.0000 0.0000 0.0000 0.0000 0.0000 0.0000 0.0000 0.0000 0.1667 0.6667 0.8333 0.3333 0.0000 0.0000 0.0000 0.0000 0.0000 0.0000 0.0000 0.0000 0.0000 0.0000 0.0000 0.0339 0.3220 0.6102 0.8983 0.8136 0.5254 0.2373 0.0000 0.0000 0.0000