1.0 1.0 1.0 0.4 0.2 0.1 0 0 1
0.5 0.5 0.5 0.0 0.4 0.5 1 1 0
0 0 0
0.7439 0.6284 0.9311 0.2229 0.5491 0.079 0.2591 0.1581 0.9452 0.4276 0.5349 0.0801 0.4863 0.2151 0.0727 0.6368 0.6935 0.2316 0.8073 0.2339 0.2726 0.5428 0.6859 0.8744 0.9961 0.1511 0.5037 0.7313 0.601 0.1915 0.1484 0.1506 0.3587 0.6048 0.0818 0.3375 0.5588 0.4648 0.8729 0.1042 0.8374 0.6239 0.5061 0.8854 0.3119 0.8102 0.5384 0.1224 0.0909 0.4765 0.7897 0.1733 0.7996 0.8993 0.5013 0.9383 0.0646 0.0132 0.8054 0.2436 0.3659 0.2254 0.1332 0.841 0.8234 0.1845 0.5144 0.2318 0.6151 0.2158 0.0155 0.9533 0.9299 0.9993 0.269 0.2025 0.4519 0.1163 0.3472 0.7644 0.3058 0.7369 0.6575 0.9745 0.8851 0.9126 0.0373 0.992 0.6975 0.256 0.7523 0.2095 0.5089 0.1622 0.0979 0.0282 0.8741 0.2415 0.1878 0.2615
0.1691 0.5882 0.9585 0.0202 0.0754 0.5257 0.78
0.5 0.5 0.5 0.0 0.4 0.5 1 1 0
0 0 0
0.7439 0.6284 0.9311 0.2229 0.5491 0.079 0.2591 0.1581 0.9452 0.4276 0.5349 0.0801 0.4863 0.2151 0.0727 0.6368 0.6935 0.2316 0.8073 0.2339 0.2726 0.5428 0.6859 0.8744 0.9961 0.1511 0.5037 0.7313 0.601 0.1915 0.1484 0.1506 0.3587 0.6048 0.0818 0.3375 0.5588 0.4648 0.8729 0.1042 0.8374 0.6239 0.5061 0.8854 0.3119 0.8102 0.5384 0.1224 0.0909 0.4765 0.7897 0.1733 0.7996 0.8993 0.5013 0.9383 0.0646 0.0132 0.8054 0.2436 0.3659 0.2254 0.1332 0.841 0.8234 0.1845 0.5144 0.2318 0.6151 0.2158 0.0155 0.9533 0.9299 0.9993 0.269 0.2025 0.4519 0.1163 0.3472 0.7644 0.3058 0.7369 0.6575 0.9745 0.8851 0.9126 0.0373 0.992 0.6975 0.256 0.7523 0.2095 0.5089 0.1622 0.0979 0.0282 0.8741 0.2415 0.1878 0.2615
0.1691 0.5882 0.9585 0.0202 0.0754 0.5257 0.78
0.5 0.5 0.5 0.0 0.4 0.5 1 1 0
0 0 0
0.7439 0.6284 0.9311 0.2229 0.5491 0.079 0.2591 0.1581 0.9452 0.4276 0.5349 0.0801 0.4863 0.2151 0.0727 0.6368 0.6935 0.2316 0.8073 0.2339 0.2726 0.5428 0.6859 0.8744 0.9961 0.1511 0.5037 0.7313 0.601 0.1915 0.1484 0.1506 0.3587 0.6048 0.0818 0.3375 0.5588 0.4648 0.8729 0.1042 0.8374 0.6239 0.5061 0.8854 0.3119 0.8102 0.5384 0.1224 0.0909 0.4765 0.7897 0.1733 0.7996 0.8993 0.5013 0.9383 0.0646 0.0132 0.8054 0.2436 0.3659 0.2254 0.1332 0.841 0.8234 0.1845 0.5144 0.2318 0.6151 0.2158 0.0155 0.9533 0.9299 0.9993 0.269 0.2025 0.4519 0.1163 0.3472 0.7644 0.3058 0.7369 0.6575 0.9745 0.8851 0.9126 0.0373 0.992 0.6975 0.256 0.7523 0.2095 0.5089 0.1622 0.0979 0.0282 0.8741 0.2415 0.1878 0.2615
0.1691 0.5882 0.9585 0.0202 0.0754 0.5257 0.78
0.5 0.5 0.5 0.0 0.4 0.5 1 1 0
0 0 0
0.7439 0.6284 0.9311 0.2229 0.5491 0.079 0.2591 0.1581 0.9452 0.4276 0.5349 0.0801 0.4863 0.2151 0.0727 0.6368 0.6935 0.2316 0.8073 0.2339 0.2726 0.5428 0.6859 0.8744 0.9961 0.1511 0.5037 0.7313 0.601 0.1915 0.1484 0.1506 0.3587 0.6048 0.0818 0.3375 0.5588 0.4648 0.8729 0.1042 0.8374 0.6239 0.5061 0.8854 0.3119 0.8102 0.5384 0.1224 0.0909 0.4765 0.7897 0.1733 0.7996 0.8993 0.5013 0.9383 0.0646 0.0132 0.8054 0.2436 0.3659 0.2254 0.1332 0.841 0.8234 0.1845 0.5144 0.2318 0.6151 0.2158 0.0155 0.9533 0.9299 0.9993 0.269 0.2025 0.4519 0.1163 0.3472 0.7644 0.3058 0.7369 0.6575 0.9745 0.8851 0.9126 0.0373 0.992 0.6975 0.256 0.7523 0.2095 0.5089 0.1622 0.0979 0.0282 0.8741 0.2415 0.1878 0.2615
0.1691 0.5882 0.9585 0.0202 0.0754 0.5257 0.78
0.5 0.5 0.5 0.0 0.4 0.5 1 1 0
0 0 0
0.7439 0.6284 0.9311 0.2229 0.5491 0.079 0.2591 0.1581 0.9452 0.4276 0.5349 0.0801 0.4863 0.2151 0.0727 0.6368 0.6935 0.2316 0.8073 0.2339 0.2726 0.5428 0.6859 0.8744 0.9961 0.1511 0.5037 0.7313 0.601 0.1915 0.1484 0.1506 0.3587 0.6048 0.0818 0.3375 0.5588 0.4648 0.8729 0.1042 0.8374 0.6239 0.5061 0.8854 0.3119 0.8102 0.5384 0.1224 0.0909 0.4765 0.7897 0.1733 0.7996 0.8993 0.5013 0.9383 0.0646 0.0132 0.8054 0.2436 0.3659 0.2254 0.1332 0.841 0.8234 0.1845 0.5144 0.2318 0.6151 0.2158 0.0155 0.9533 0.9299 0.9993 0.269 0.2025 0.4519 0.1163 0.3472 0.7644 0.3058 0.7369 0.6575 0.9745 0.8851 0.9126 0.0373 0.992 0.6975 0.256 0.7523 0.2095 0.5089 0.1622 0.0979 0.0282 0.8741 0.2415 0.1878 0.2615
0.1691 0.5882 0.9585 0.0202 0.0754 0.5257 0.78
0.5 0.5 0.5 0.0 0.4 0.5 1 1 0
0 0 0
0.7439 0.6284 0.9311 0.2229 0.5491 0.079 0.2591 0.1581 0.9452 0.4276 0.5349 0.0801 0.4863 0.2151 0.0727 0.6368 0.6935 0.2316 0.8073 0.2339 0.2726 0.5428 0.6859 0.8744 0.9961 0.1511 0.5037 0.7313 0.601 0.1915 0.1484 0.1506 0.3587 0.6048 0.0818 0.3375 0.5588 0.4648 0.8729 0.1042 0.8374 0.6239 0.5061 0.8854 0.3119 0.8102 0.5384 0.1224 0.0909 0.4765 0.7897 0.1733 0.7996 0.8993 0.5013 0.9383 0.0646 0.0132 0.8054 0.2436 0.3659 0.2254 0.1332 0.841 0.8234 0.1845 0.5144 0.2318 0.6151 0.2158 0.0155 0.9533 0.9299 0.9993 0.269 0.2025 0.4519 0.1163 0.3472 0.7644 0.3058 0.7369 0.6575 0.9745 0.8851 0.9126 0.0373 0.992 0.6975 0.256 0.7523 0.2095 0.5089 0.1622 0.0979 0.0282 0.8741 0.2415 0.1878 0.2615
0.1691 0.5882 0.9585 0.0202 0.0754 0.5257 0.78
0.5 0.5 0.5 0.0 0.4 0.5 1 1 0
0 0 0
0.7439 0.6284 0.9311 0.2229 0.5491 0.079 0.2591 0.1581 0.9452 0.4276 0.5349 0.0801 0.4863 0.2151 0.0727 0.6368 0.6935 0.2316 0.8073 0.2339 0.2726 0.5428 0.6859 0.8744 0.9961 0.1511 0.5037 0.7313 0.601 0.1915 0.1484 0.1506 0.3587 0.6048 0.0818 0.3375 0.5588 0.4648 0.8729 0.1042 0.8374 0.6239 0.5061 0.8854 0.3119 0.8102 0.5384 0.1224 0.0909 0.4765 0.7897 0.1733 0.7996 0.8993 0.5013 0.9383 0.0646 0.0132 0.8054 0.2436 0.3659 0.2254 0.1332 0.841 0.8234 0.1845 0.5144 0.2318 0.6151 0.2158 0.0155 0.9533 0.9299 0.9993 0.269 0.2025 0.4519 0.1163 0.3472 0.7644 0.3058 0.7369 0.6575 0.9745 0.8851 0.9126 0.0373 0.992 0.6975 0.256 0.7523 0.2095 0.5089 0.1622 0.0979 0.0282 0.8741 0.2415 0.1878 0.2615
0.1691 0.5882 0.9585 0.0202 0.0754 0.5257 0.78
0.5 0.5 0.5 0.0 0.4 0.5 1 1 0
0 0 0
0.7439 0.6284 0.9311 0.2229 0.5491 0.079 0.2591 0.1581 0.9452 0.4276 0.5349 0.0801 0.4863 0.2151 0.0727 0.6368 0.6935 0.2316 0.8073 0.2339 0.2726 0.5428 0.6859 0.8744 0.9961 0.1511 0.5037 0.7313 0.601 0.1915 0.1484 0.1506 0.3587 0.6048 0.0818 0.3375 0.5588 0.4648 0.8729 0.1042 0.8374 0.6239 0.5061 0.8854 0.3119 0.8102 0.5384 0.1224 0.0909 0.4765 0.7897 0.1733 0.7996 0.8993 0.5013 0.9383 0.0646 0.0132 0.8054 0.2436 0.3659 0.2254 0.1332 0.841 0.8234 0.1845 0.5144 0.2318 0.6151 0.2158 0.0155 0.9533 0.9299 0.9993 0.269 0.2025 0.4519 0.1163 0.3472 0.7644 0.3058 0.7369 0.6575 0.9745 0.8851 0.9126 0.0373 0.992 0.6975 0.256 0.7523 0.2095 0.5089 0.1622 0.0979 0.0282 0.8741 0.2415 0.1878 0.2615
0.1691 0.5882 0.9585 0.0202 0.0754 0.5257 0.78
0.5 0.5 0.5 0.0 0.4 0.5 1 1 0
0 0 0
0.7439 0.6284 0.9311 0.2229 0.5491 0.079 0.2591 0.1581 0.9452 0.4276 0.5349 0.0801 0.4863 0.2151 0.0727 0.6368 0.6935 0.2316 0.8073 0.2339 0.2726 0.5428 0.6859 0.8744 0.9961 0.1511 0.5037 0.7313 0.601 0.1915 0.1484 0.1506 0.3587 0.6048 0.0818 0.3375 0.5588 0.4648 0.8729 0.1042 0.8374 0.6239 0.5061 0.8854 0.3119 0.8102 0.5384 0.1224 0.0909 0.4765 0.7897 0.1733 0.7996 0.8993 0.5013 0.9383 0.0646 0.0132 0.8054 0.2436 0.3659 0.2254 0.1332 0.841 0.8234 0.1845 0.5144 0.2318 0.6151 0.2158 0.0155 0.9533 0.9299 0.9993 0.269 0.2025 0.4519 0.1163 0.3472 0.7644 0.3058 0.7369 0.6575 0.9745 0.8851 0.9126 0.0373 0.992 0.6975 0.256 0.7523 0.2095 0.5089 0.1622 0.0979 0.0282 0.8741 0.2415 0.1878 0.2615
0.1691 0.5882 0.9585 0.0202 0.0754 0.5257 0.78
0.5 0.5 0.5 0.0 0.4 0.5 1 1 0
0 0 0
0.7439 0.6284 0.9311 0.2229 0.5491 0.079 0.2591 0.1581 0.9452 0.4276 0.5349 0.0801 0.4863 0.2151 0.0727 0.6368 0.6935 0.2316 0.8073 0.2339 0.2726 0.5428 0.6859 0.8744 0.9961 0.1511 0.5037 0.7313 0.601 0.1915 0.1484 0.1506 0.3587 0.6048 0.0818 0.3375 0.5588 0.4648 0.8729 0.1042 0.8374 0.6239 0.5061 0.8854 0.3119 0.8102 0.5384 0.1224 0.0909 0.4765 0.7897 0.1733 0.7996 0.8993 0.5013 0.9383 0.0646 0.0132 0.8054 0.2436 0.3659 0.2254 0.1332 0.841 0.8234 0.1845 0.5144 0.2318 0.6151 0.2158 0.0155 0.9533 0.9299 0.9993 0.269 0.2025 0.4519 0.1163 0.3472 0.7644 0.3058 0.7369 0.6575 0.9745 0.8851 0.9126 0.0373 0.992 0.6975 0.256 0.7523 0.2095 0.5089 0.1622 0.0979 0.0282 0.8741 0.2415 0.1878 0.2615
0.1691 0.5882 0.9585 0.0202 0.0754 0.5257 0.78
0.5 0.5 0.5 0.0 0.4 0.5 1 1 0
0 0 0
0.7439 0.6284 0.9311 0.2229 0.5491 0.079 0.2591 0.1581 0.9452 0.4276 0.5349 0.0801 0.4863 0.2151 0.0727 0.6368 0.6935 0.2316 0.8073 0.2339 0.2726 0.5428 0.6859 0.8744 0.9961 0.1511 0.5037 0.7313 0.601 0.1915 0.1484 0.1506 0.3587 0.6048 0.0818 0.3375 0.5588 0.4648 0.8729 0.1042 0.8374 0.6239 0.5061 0.8854 0.3119 0.8102 0.5384 0.1224 0.0909 0.4765 0.7897 0.1733 0.7996 0.8993 0.5013 0.9383 0.0646 0.0132 0.8054 0.2436 0.3659 0.2254 0.1332 0.841 0.8234 0.1845 0.5144 0.2318 0.6151 0.2158 0.0155 0.9533 0.9299 0.9993 0.269 0.2025 0.4519 0.1163 0.3472 0.7644 0.3058 0.7369 0.6575 0.9745 0.8851 0.9126 0.0373 0.992 0.6975 0.256 0.7523 0.2095 0.5089 0.1622 0.0979 0.0282 0.8741 0.2415 0.1878 0.2615
0.1691 0.5882 0.9585 0.0202 0.0754 0.5257 0.78
0.5 0.5 0.5 0.0 0.4 0.5 1 1 0
0 0 0
0.7439 0.6284 0.9311 0.2229 0.5491 0.079 0.2591 0.1581 0.9452 0.4276 0.5349 0.0801 0.4863 0.2151 0.0727 0.6368 0.6935 0.2316 0.8073 0.2339 0.2726 0.5428 0.6859 0.8744 0.9961 0.1511 0.5037 0.7313 0.601 0.1915 0.1484 0.1506 0.3587 0.6048 0.0818 0.3375 0.5588 0.4648 0.8729 0.1042 0.8374 0.6239 0.5061 0.8854 0.3119 0.8102 0.5384 0.1224 0.0909 0.4765 0.7897 0.1733 0.7996 0.8993 0.5013 0.9383 0.0646 0.0132 0.8054 0.2436 0.3659 0.2254 0.1332 0.841 0.8234 0.1845 0.5144 0.2318 0.6151 0.2158 0.0155 0.9533 0.9299 0.9993 0.269 0.2025 0.4519 0.1163 0.3472 0.7644 0.3058 0.7369 0.6575 0.9745 0.8851 0.9126 0.0373 0.992 0.6975 0.256 0.7523 0.2095 0.5089 0.1622 0.0979 0.0282 0.8741 0.2415 0.1878 0.2615
0.1691 0.5882 0.9585 0.0202 0.0754 0.5257 0.78
0.5 0.5 0.5 0.0 0.4 0.5 1 1 0
0 0 0
0.7439 0.6284 0.9311 0.2229 0.5491 0.079 0.2591 0.1581 0.9452 0.4276 0.5349 0.0801 0.4863 0.2151 0.0727 0.6368 0.6935 0.2316 0.8073 0.2339 0.2726 0.5428 0.6859 0.8744 0.9961 0.1511 0.5037 0.7313 0.601 0.1915 0.1484 0.1506 0.3587 0.6048 0.0818 0.3375 0.5588 0.4648 0.8729 0.1042 0.8374 0.6239 0.5061 0.8854 0.3119 0.8102 0.5384 0.1224 0.0909 0.4765 0.7897 0.1733 0.7996 0.8993 0.5013 0.9383 0.0646 0.0132 0.8054 0.2436 0.3659 0.2254 0.1332 0.841 0.8234 0.1845 0.5144 0.2318 0.6151 0.2158 0.0155 0.9533 0.9299 0.9993 0.269 0.2025 0.4519 0.1163 0.3472 0.7644 0.3058 0.7369 0.6575 0.9745 0.8851 0.9126 0.0373 0.992 0.6975 0.256 0.7523 0.2095 0.5089 0.1622 0.0979 0.0282 0.8741 0.2415 0.1878 0.2615
0.1691 0.5882 0.9585 0.0202 0.0754 0.5257 0.78
0.5 0.5 0.5 0.0 0.4 0.5 1 1 0
0 0 0
0.7439 0.6284 0.9311 0.2229 0.5491 0.079 0.2591 0.1581 0.9452 0.4276 0.5349 0.0801 0.4863 0.2151 0.0727 0.6368 0.6935 0.2316 0.8073 0.2339 0.2726 0.5428 0.6859 0.8744 0.9961 0.1511 0.5037 0.7313 0.601 0.1915 0.1484 0.1506 0.3587 0.6048 0.0818 0.3375 0.5588 0.4648 0.8729 0.1042 0.8374 0.6239 0.5061 0.8854 0.3119 0.8102 0.5384 0.1224 0.0909 0.4765 0.7897 0.1733 0.7996 0.8993 0.5013 0.9383 0.0646 0.0132 0.8054 0.2436 0.3659 0.2254 0.1332 0.841 0.8234 0.1845 0.5144 0.2318 0.6151 0.2158 0.0155 0.9533 0.9299 0.9993 0.269 0.2025 0.4519 0.1163 0.3472 0.7644 0.3058 0.7369 0.6575 0.9745 0.8851 0.9126 0.0373 0.992 0.6975 0.256 0.7523 0.2095 0.5089 0.1622 0.0979 0.0282 0.8741 0.2415 0.1878 0.2615
0.1691 0.5882 0.9585 0.0202 0.0754 0.5257 0.78
0.5 0.5 0.5 0.0 0.4 0.5 1 1 0
0 0 0
0.7439 0.6284 0.9311 0.2229 0.5491 0.079 0.2591 0.1581 0.9452 0.4276 0.5349 0.0801 0.4863 0.2151 0.0727 0.6368 0.6935 0.2316 0.8073 0.2339 0.2726 0.5428 0.6859 0.8744 0.9961 0.1511 0.5037 0.7313 0.601 0.1915 0.1484 0.1506 0.3587 0.6048 0.0818 0.3375 0.5588 0.4648 0.8729 0.1042 0.8374 0.6239 0.5061 0.8854 0.3119 0.8102 0.5384 0.1224 0.0909 0.4765 0.7897 0.1733 0.7996 0.8993 0.5013 0.9383 0.0646 0.0132 0.8054 0.2436 0.3659 0.2254 0.1332 0.841 0.8234 0.1845 0.5144 0.2318 0.6151 0.2158 0.0155 0.9533 0.9299 0.9993 0.269 0.2025 0.4519 0.1163 0.3472 0.7644 0.3058 0.7369 0.6575 0.9745 0.8851 0.9126 0.0373 0.992 0.6975 0.256 0.7523 0.2095 0.5089 0.1622 0.0979 0.0282 0.8741 0.2415 0.1878 0.2615
0.1691 0.5882 0.9585 0.0202 0.0754 0.5257 0.78
0.5 0.5 0.5 0.0 0.4 0.5 1 1 0
0 0 0
0.7439 0.6284 0.9311 0.2229 0.5491 0.079 0.2591 0.1581 0.9452 0.4276 0.5349 0.0801 0.4863 0.2151 0.0727 0.6368 0.6935 0.2316 0.8073 0.2339 0.2726 0.5428 0.6859 0.8744 0.9961 0.1511 0.5037 0.7313 0.601 0.1915 0.1484 0.1506 0.3587 0.6048 0.0818 0.3375 0.5588 0.4648 0.8729 0.1042 0.8374 0.6239 0.5061 0.8854 0.3119 0.8102 0.5384 0.1224 0.0909 0.4765 0.7897 0.1733 0.7996 0.8993 0.5013 0.9383 0.0646 0.0132 0.8054 0.2436 0.3659 0.2254 0.1332 0.841 0.8234 0.1845 0.5144 0.2318 0.6151 0.2158 0.0155 0.9533 0.9299 0.9993 0.269 0.2025 0.4519 0.1163 0.3472 0.7644 0.3058 0.7369 0.6575 0.9745 0.8851 0.9126 0.0373 0.992 0.6975 0.256 0.7523 0.2095 0.5089 0.1622 0.0979 0.0282 0.8741 0.2415 0.1878 0.2615
0.1691 0.5882 0.9585 0.0202 0.0754 0.5257 0.78
0.5 0.5 0.5 0.0 0.4 0.5 1 1 0
0 0 0
0.7439 0.6284 0.9311 0.2229 0.5491 0.079 0.2591 0.1581 0.9452 0.4276 0.5349 0.0801 0.4863 0.2151 0.0727 0.6368 0.6935 0.2316 0.8073 0.2339 0.2726 0.5428 0.6859 0.8744 0.9961 0.1511 0.5037 0.7313 0.601 0.1915 0.1484 0.1506 0.3587 0.6048 0.0818 0.3375 0.5588 0.4648 0.8729 0.1042 0.8374 0.6239 0.5061 0.8854 0.3119 0.8102 0.5384 0.1224 0.0909 0.4765 0.7897 0.1733 0.7996 0.8993 0.5013 0.9383 0.0646 0.0132 0.8054 0.2436 0.3659 0.2254 0.1332 0.841 0.8234 0.1845 0.5144 0.2318 0.6151 0.2158 0.0155 0.9533 0.9299 0.9993 0.269 0.2025 0.4519 0.1163 0.3472 0.7644 0.3058 0.7369 0.6575 0.9745 0.8851 0.9126 0.0373 0.992 0.6975 0.256 0.7523 0.2095 0.5089 0.1622 0.0979 0.0282 0.8741 0.2415 0.1878 0.2615
0.1691 0.5882 0.9585 0.0202 0.0754 0.5257 0.78
0.5 0.5 0.5 0.0 0.4 0.5 1 1 0
0 0 0
0.7439 0.6284 0.9311 0.2229 0.5491 0.079 0.2591 0.1581 0.9452 0.4276 0.5349 0.0801 0.4863 0.2151 0.0727 0.6368 0.6935 0.2316 0.8073 0.2339 0.2726 0.5428 0.6859 0.8744 0.9961 0.1511 0.5037 0.7313 0.601 0.1915 0.1484 0.1506 0.3587 0.6048 0.0818 0.3375 0.5588 0.4648 0.8729 0.1042 0.8374 0.6239 0.5061 0.8854 0.3119 0.8102 0.5384 0.1224 0.0909 0.4765 0.7897 0.1733 0.7996 0.8993 0.5013 0.9383 0.0646 0.0132 0.8054 0.2436 0.3659 0.2254 0.1332 0.841 0.8234 0.1845 0.5144 0.2318 0.6151 0.2158 0.0155 0.9533 0.9299 0.9993 0.269 0.2025 0.4519 0.1163 0.3472 0.7644 0.3058 0.7369 0.6575 0.9745 0.8851 0.9126 0.0373 0.992 0.6975 0.256 0.7523 0.2095 0.5089 0.1622 0.0979 0.0282 0.8741 0.2415 0.1878 0.2615
0.1691 0.5882 0.9585 0.0202 0.0754 0.5257 0.78
0.5 0.5 0.5 0.0 0.4 0.5 1 1 0
0 0 0
0.7439 0.6284 0.9311 0.2229 0.5491 0.079 0.2591 0.1581 0.9452 0.4276 0.5349 0.0801 0.4863 0.2151 0.0727 0.6368 0.6935 0.2316 0.8073 0.2339 0.2726 0.5428 0.6859 0.8744 0.9961 0.1511 0.5037 0.7313 0.601 0.1915 0.1484 0.1506 0.3587 0.6048 0.0818 0.3375 0.5588 0.4648 0.8729 0.1042 0.8374 0.6239 0.5061 0.8854 0.3119 0.8102 0.5384 0.1224 0.0909 0.4765 0.7897 0.1733 0.7996 0.8993 0.5013 0.9383 0.0646 0.0132 0.8054 0.2436 0.3659 0.2254 0.1332 0.841 0.8234 0.1845 0.5144 0.2318 0.6151 0.2158 0.0155 0.9533 0.9299 0.9993 0.269 0.2025 0.4519 0.1163 0.3472 0.7644 0.3058 0.7369 0.6575 0.9745 0.8851 0.9126 0.0373 0.992 0.6975 0.256 0.7523 0.2095 0.5089 0.1622 0.0979 0.0282 0.8741 0.2415 0.1878 0.2615
0.1691 0.5882 0.9585 0.0202 0.0754 0.5257 0.78
0.5 0.5 0.5 0.0 0.4 0.5 1 1 0
0 0 0
0.7439 0.6284 0.9311 0.2229 0.5491 0.079 0.2591 0.1581 0.9452 0.4276 0.5349 0.0801 0.4863 0.2151 0.0727 0.6368 0.6935 0.2316 0.8073 0.2339 0.2726 0.5428 0.6859 0.8744 0.9961 0.1511 0.5037 0.7313 0.601 0.1915 0.1484 0.1506 0.3587 0.6048 0.0818 0.3375 0.5588 0.4648 0.8729 0.1042 0.8374 0.6239 0.5061 0.8854 0.3119 0.8102 0.5384 0.1224 0.0909 0.4765 0.7897 0.1733 0.7996 0.8993 0.5013 0.9383 0.0646 0.0132 0.8054 0.2436 0.3659 0.2254 0.1332 0.841 0.8234 0.1845 0.5144 0.2318 0.6151 0.2158 0.0155 0.9533 0.9299 0.9993 0.269 0.2025 0.4519 0.1163 0.3472 0.7644 0.3058 0.7369 0.6575 0.9745 0.8851 0.9126 0.0373 0.992 0.6975 0.256 0.7523 0.2095 0.5089 0.1622 0.0979 0.0282 0.8741 0.2415 0.1878 0.2615
0.1691 0.5882 0.9585 0.0202 0.0754 0.5257 0.78
0.5 0.5 0.5 0.0 0.4 0.5 1 1 0
0 0 0
0.7439 0.6284 0.9311 0.2229 0.5491 0.079 0.2591 0.1581 0.9452 0.4276 0.5349 0.0801 0.4863 0.2151 0.0727 0.6368 0.6935 0.2316 0.8073 0.2339 0.2726 0.5428 0.6859 0.8744 0.9961 0.1511 0.5037 0.7313 0.601 0.1915 0.1484 0.1506 0.3587 0.6048 0.0818 0.3375 0.5588 0.4648 0.8729 0.1042 0.8374 0.6239 0.5061 0.8854 0.3119 0.8102 0.5384 0.1224 0.0909 0.4765 0.7897 0.1733 0.7996 0.8993 0.5013 0.9383 0.0646 0.0132 0.8054 0.2436 0.3659 0.2254 0.1332 0.841 0.8234 0.1845 0.5144 0.2318 0.6151 0.2158 0.0155 0.9533 0.9299 0.9993 0.269 0.2025 0.4519 0.1163 0.3472 0.7644 0.3058 0.7369 0.6575 0.9745 0.8851 0.9126 0.0373 0.992 0.6975 0.256 0.7523 0.2095 0.5089 0.1622 0.0979 0.0282 0.8741 0.2415 0.1878 0.2615
0.1691 0.5882 0.9585 0.0202 0.0754 0.5257 0.78
0.5 0.5 0.5 0.0 0.4 0.5 1 1 0
0 0 0
0.7439 0.6284 0.9311 0.2229 0.5491 0.079 0.2591 0.1581 0.9452 0.4276 0.5349 0.0801 0.4863 0.2151 0.0727 0.6368 0.6935 0.2316 0.8073 0.2339 0.2726 0.5428 0.6859 0.8744 0.9961 0.1511 0.5037 0.7313 0.601 0.1915 0.1484 0.1506 0.3587 0.6048 0.0818 0.3375 0.5588 0.4648 0.8729 0.1042 0.8374 0.6239 0.5061 0.8854 0.3119 0.8102 0.5384 0.1224 0.0909 0.4765 0.7897 0.1733 0.7996 0.8993 0.5013 0.9383 0.0646 0.0132 0.8054 0.2436 0.3659 0.2254 0.1332 0.841 0.8234 0.1845 0.5144 0.2318 0.6151 0.2158 0.0155 0.9533 0.9299 0.9993 0.269 0.2025 0.4519 0.1163 0.3472 0.7644 0.3058 0.7369 0.6575 0.9745 0.8851 0.9126 0.0373 0.992 0.6975 0.256 0.7523 0.2095 0.5089 0.1622 0.0979 0.0282 0.8741 0.2415 0.1878 0.2615
0.1691 0.5882 0.9585 0.0202 0.0754 0.5257 0.78
0.5 0.5 0.5 0.0 0.4 0.5 1 1 0
0 0 0
0.7439 0.6284 0.9311 0.2229 0.5491 0.079 0.2591 0.1581 0.9452 0.4276 0.5349 0.0801 0.4863 0.2151 0.0727 0.6368 0.6935 0.2316 0.8073 0.2339 0.2726 0.5428 0.6859 0.8744 0.9961 0.1511 0.5037 0.7313 0.601 0.1915 0.1484 0.1506 0.3587 0.6048 0.0818 0.3375 0.5588 0.4648 0.8729 0.1042 0.8374 0.6239 0.5061 0.8854 0.3119 0.8102 0.5384 0.1224 0.0909 0.4765 0.7897 0.1733 0.7996 0.8993 0.5013 0.9383 0.0646 0.0132 0.8054 0.2436 0.3659 0.2254 0.1332 0.841 0.8234 0.1845 0.5144 0.2318 0.6151 0.2158 0.0155 0.9533 0.9299 0.9993 0.269 0.2025 0.4519 0.1163 0.3472 0.7644 0.3058 0.7369 0.6575 0.9745 0.8851 0.9126 0.0373 0.992 0.6975 0.256 0.7523 0.2095 0.5089 0.1622 0.0979 0.0282 0.8741 0.2415 0.1878 0.2615
0.1691 0.5882 0.9585 0.0202 0.0754 0.5257 0.78
0.5 0.5 0.5 0.0 0.4 0.5 1 1 0
0 0 0
0.7439 0.6284 0.9311 0.2229 0.5491 0.079 0.2591 0.1581 0.9452 0.4276 0.5349 0.0801 0.4863 0.2151 0.0727 0.6368 0.6935 0.2316 0.8073 0.2339 0.2726 0.5428 0.6859 0.8744 0.9961 0.1511 0.5037 0.7313 0.601 0.1915 0.1484 0.1506 0.3587 0.6048 0.0818 0.3375 0.5588 0.4648 0.8729 0.1042 0.8374 0.6239 0.5061 0.8854 0.3119 0.8102 0.5384 0.1224 0.0909 0.4765 0.7897 0.1733 0.7996 0.8993 0.5013 0.9383 0.0646 0.0132 0.8054 0.2436 0.3659 0.2254 0.1332 0.841 0.8234 0.1845 0.5144 0.2318 0.6151 0.2158 0.0155 0.9533 0.9299 0.9993 0.269 0.2025 0.4519 0.1163 0.3472 0.7644 0.3058 0.7369 0.6575 0.9745 0.8851 0.9126 0.0373 0.992 0.6975 0.256 0.7523 0.2095 0.5089 0.1622 0.0979 0.0282 0.8741 0.2415 0.1878 0.2615
0.1691 0.5882 0.9585 0.0202 0.0754 0.5257 0.78
0.5 0.5 0.5 0.0 0.4 0.5 1 1 0
0 0 0
0.7439 0.6284 0.9311 0.2229 0.5491 0.079 0.2591 0.1581 0.9452 0.4276 0.5349 0.0801 0.4863 0.2151 0.0727 0.6368 0.6935 0.2316 0.8073 0.2339 0.2726 0.5428 0.6859 0.8744 0.9961 0.1511 0.5037 0.7313 0.601 0.1915 0.1484 0.1506 0.3587 0.6048 0.0818 0.3375 0.5588 0.4648 0.8729 0.1042 0.8374 0.6239 0.5061 0.8854 0.3119 0.8102 0.5384 0.1224 0.0909 0.4765 0.7897 0.1733 0.7996 0.8993 0.5013 0.9383 0.0646 0.0132 0.8054 0.2436 0.3659 0.2254 0.1332 0.841 0.8234 0.1845 0.5144 0.2318 0.6151 0.2158 0.0155 0.9533 0.9299 0.9993 0.269 0.2025 0.4519 0.1163 0.3472 0.7644 0.3058 0.7369 0.6575 0.9745 0.8851 0.9126 0.0373 0.992 0.6975 0.256 0.7523 0.2095 0.5089 0.1622 0.0979 0.0282 0.8741 0.2415 0.1878 0.2615
0.1691 0.5882 0.9585 0.0202 0.0754 0.5257 0.78
0.5 0.5 0.5 0.0 0.4 0.5 1 1 0
0 0 0
0.7439 0.6284 0.9311 0.2229 0.5491 0.079 0.2591 0.1581 0.9452 0.4276 0.5349 0.0801 0.4863 0.2151 0.0727 0.6368 0.6935 0.2316 0.8073 0.2339 0.2726 0.5428 0.6859 0.8744 0.9961 0.1511 0.5037 0.7313 0.601 0.1915 0.1484 0.1506 0.3587 0.6048 0.0818 0.3375 0.5588 0.4648 0.8729 0.1042 0.8374 0.6239 0.5061 0.8854 0.3119 0.8102 0.5384 0.1224 0.0909 0.4765 0.7897 0.1733 0.7996 0.8993 0.5013 0.9383 0.0646 0.0132 0.8054 0.2436 0.3659 0.2254 0.1332 0.841 0.8234 0.1845 0.5144 0.2318 0.6151 0.2158 0.0155 0.9533 0.9299 0.9993 0.269 0.2025 0.4519 0.1163 0.3472 0.7644 0.3058 0.7369 0.6575 0.9745 0.8851 0.9126 0.0373 0.992 0.6975 0.256 0.7523 0.2095 0.5089 0.1622 0.0979 0.0282 0.8741 0.2415 0.1878 0.2615
0.1691 0.5882 0.9585 0.0202 0.0754 0.5257 0.78
0.5 0.5 0.5 0.0 0.4 0.5 1 1 0
0 0 0
0.7439 0.6284 0.9311 0.2229 0.5491 0.079 0.2591 0.1581 0.9452 0.4276 0.5349 0.0801 0.4863 0.2151 0.0727 0.6368 0.6935 0.2316 0.8073 0.2339 0.2726 0.5428 0.6859 0.8744 0.9961 0.1511 0.5037 0.7313 0.601 0.1915 0.1484 0.1506 0.3587 0.6048 0.0818 0.3375 0.5588 0.4648 0.8729 0.1042 0.8374 0.6239 0.5061 0.8854 0.3119 0.8102 0.5384 0.1224 0.0909 0.4765 0.7897 0.1733 0.7996 0.8993 0.5013 0.9383 0.0646 0.0132 0.8054 0.2436 0.3659 0.2254 0.1332 0.841 0.8234 0.1845 0.5144 0.2318 0.6151 0.2158 0.0155 0.9533 0.9299 0.9993 0.269 0.2025 0.4519 0.1163 0.3472 0.7644 0.3058 0.7369 0.6575 0.9745 0.8851 0.9126 0.0373 0.992 0.6975 0.256 0.7523 0.2095 0.5089 0.1622 0.0979 0.0282 0.8741 0.2415 0.1878 0.2615
0.1691 0.5882 0.9585 0.0202 0.0754 0.5257 0.78
0.5 0.5 0.5 0.0 0.4 0.5 1 1 0
0 0 0
0.7439 0.6284 0.9311 0.2229 0.5491 0.079 0.2591 0.1581 0.9452 0.4276 0.5349 0.0801 0.4863 0.2151 0.0727 0.6368 0.6935 0.2316 0.8073 0.2339 0.2726 0.5428 0.6859 0.8744 0.9961 0.1511 0.5037 0.7313 0.601 0.1915 0.1484 0.1506 0.3587 0.6048 0.0818 0.3375 0.5588 0.4648 0.8729 0.1042 0.8374 0.6239 0.5061 0.8854 0.3119 0.8102 0.5384 0.1224 0.0909 0.4765 0.7897 0.1733 0.7996 0.8993 0.5013 0.9383 0.0646 0.0132 0.8054 0.2436 0.3659 0.2254 0.1332 0.841 0.8234 0.1845 0.5144 0.2318 0.6151 0.2158 0.0155 0.9533 0.9299 0.9993 0.269 0.2025 0.4519 0.1163 0.3472 0.7644 0.3058 0.7369 0.6575 0.9745 0.8851 0.9126 0.0373 0.992 0.6975 0.256 0.7523 0.2095 0.5089 0.1622 0.0979 0.0282 0.8741 0.2415 0.1878 0.2615
0.1691 0.5882 0.9585 0.0202 0.0754 0.5257 0.78
0.5 0.5 0.5 0.0 0.4 0.5 1 1 0
0 0 0
0.7439 0.6284 0.9311 0.2229 0.5491 0.079 0.2591 0.1581 0.9452 0.4276 0.5349 0.0801 0.4863 0.2151 0.0727 0.6368 0.6935 0.2316 0.8073 0.2339 0.2726 0.5428 0.6859 0.8744 0.9961 0.1511 0.5037 0.7313 0.601 0.1915 0.1484 0.1506 0.3587 0.6048 0.0818 0.3375 0.5588 0.4648 0.8729 0.1042 0.8374 0.6239 0.5061 0.8854 0.3119 0.8102 0.5384 0.1224 0.0909 0.4765 0.7897 0.1733 0.7996 0.8993 0.5013 0.9383 0.0646 0.0132 0.8054 0.2436 0.3659 0.2254 0.1332 0.841 0.8234 0.1845 0.5144 0.2318 0.6151 0.2158 0.0155 0.9533 0.9299 0.9993 0.269 0.2025 0.4519 0.1163 0.3472 0.7644 0.3058 0.7369 0.6575 0.9745 0.8851 0.9126 0.0373 0.992 0.6975 0.256 0.7523 0.2095 0.5089 0.1622 0.0979 0.0282 0.8741 0.2415 0.1878 0.2615
0.1691 0.5882 0.9585 0.0202 0.0754 0.5257 0.78
0.5 0.5 0.5 0.0 0.4 0.5 1 1 0
0 0 0
0.7439 0.6284 0.9311 0.2229 0.5491 0.079 0.2591 0.1581 0.9452 0.4276 0.5349 0.0801 0.4863 0.2151 0.0727 0.6368 0.6935 0.2316 0.8073 0.2339 0.2726 0.5428 0.6859 0.8744 0.9961 0.1511 0.5037 0.7313 0.601 0.1915 0.1484 0.1506 0.3587 0.6048 0.0818 0.3375 0.5588 0.4648 0.8729 0.1042 0.8374 0.6239 0.5061 0.8854 0.3119 0.8102 0.5384 0.1224 0.0909 0.4765 0.7897 0.1733 0.7996 0.8993 0.5013 0.9383 0.0646 0.0132 0.8054 0.2436 0.3659 0.2254 0.1332 0.841 0.8234 0.1845 0.5144 0.2318 0.6151 0.2158 0.0155 0.9533 0.9299 0.9993 0.269 0.2025 0.4519 0.1163 0.3472 0.7644 0.3058 0.7369 0.6575 0.9745 0.8851 0.9126 0.0373 0.992 0.6975 0.256 0.7523 0.2095 0.5089 0.1622 0.0979 0.0282 0.8741 0.2415 0.1878 0.2615
0.1691 0.5882 0.9585 0.0202 0.0754 0.5257 0.78
0.5 0.5 0.5 0.0 0.4 0.5 1 1 0
0 0 0
0.7439 0.6284 0.9311 0.2229 0.5491 0.079 0.2591 0.1581 0.9452 0.4276 0.5349 0.0801 0.4863 0.2151 0.0727 0.6368 0.6935 0.2316 0.8073 0.2339 0.2726 0.5428 0.6859 0.8744 0.9961 0.1511 0.5037 0.7313 0.601 0.1915 0.1484 0.1506 0.3587 0.6048 0.0818 0.3375 0.5588 0.4648 0.8729 0.1042 0.8374 0.6239 0.5061 0.8854 0.3119 0.8102 0.5384 0.1224 0.0909 0.4765 0.7897 0.1733 0.7996 0.8993 0.5013 0.9383 0.0646 0.0132 0.8054 0.2436 0.3659 0.2254 0.1332 0.841 0.8234 0.1845 0.5144 0.2318 0.6151 0.2158 0.0155 0.9533 0.9299 0.9993 0.269 0.2025 0.4519 0.1163 0.3472 0.7644 0.3058 0.7369 0.6575 0.9745 0.8851 0.9126 0.0373 0.992 0.6975 0.256 0.7523 0.2095 0.5089 0.1622 0.0979 0.0282 0.8741 0.2415 0.1878 0.2615
0.1691 0.5882 0.9585 0.0202 0.0754 0.5257 0.78
0.5 0.5 0.5 0.0 0.4 0.5 1 1 0
0 0 0
0.7439 0.6284 0.9311 0.2229 0.5491 0.079 0.2591 0.1581 0.9452 0.4276 0.5349 0.0801 0.4863 0.2151 0.0727 0.6368 0.6935 0.2316 0.8073 0.2339 0.2726 0.5428 0.6859 0.8744 0.9961 0.1511 0.5037 0.7313 0.601 0.1915 0.1484 0.1506 0.3587 0.6048 0.0818 0.3375 0.5588 0.4648 0.8729 0.1042 0.8374 0.6239 0.5061 0.8854 0.3119 0.8102 0.5384 0.1224 0.0909 0.4765 0.7897 0.1733 0.7996 0.8993 0.5013 0.9383 0.0646 0.0132 0.8054 0.2436 0.3659 0.2254 0.1332 0.841 0.8234 0.1845 0.5144 0.2318 0.6151 0.2158 0.0155 0.9533 0.9299 0.9993 0.269 0.2025 0.4519 0.1163 0.3472 0.7644 0.3058 0.7369 0.6575 0.9745 0.8851 0.9126 0.0373 0.992 0.6975 0.256 0.7523 0.2095 0.5089 0.1622 0.0979 0.0282 0.8741 0.2415 0.1878 0.2615
0.1691 0.5882 0.9585 0.0202 0.0754 0.5257 0.78
0.5 0.5 0.5 0.0 0.4 0.5 1 1 0
0 0 0
0.7439 0.6284 0.9311 0.2229 0.5491 0.079 0.2591 0.1581 0.9452 0.4276 0.5349 0.0801 0.4863 0.2151 0.0727 0.6368 0.6935 0.2316 0.8073 0.2339 0.2726 0.5428 0.6859 0.8744 0.9961 0.1511 0.5037 0.7313 0.601 0.1915 0.1484 0.1506 0.3587 0.6048 0.0818 0.3375 0.5588 0.4648 0.8729 0.1042 0.8374 0.6239 0.5061 0.8854 0.3119 0.8102 0.5384 0.1224 0.0909 0.4765 0.7897 0.1733 0.7996 0.8993 0.5013 0.9383 0.0646 0.0132 0.8054 0.2436 0.3659 0.2254 0.1332 0.841 0.8234 0.1845 0.5144 0.2318 0.6151 0.2158 0.0155 0.9533 0.9299 0.9993 0.269 0.2025 0.4519 0.1163 0.3472 0.7644 0.3058 0.7369 0.6575 0.9745 0.8851 0.9126 0.0373 0.992 0.6975 0.256 0.7523 0.2095 0.5089 0.1622 0.0979 0.0282 0.8741 0.2415 0.1878 0.2615
0.1691 0.5882 0.9585 0.0202 0.0754 0.5257 0.78
0.5 0.5 0.5 0.0 0.4 0.5 1 1 0
0 0 0
0.7439 0.6284 0.9311 0.2229 0.5491 0.079 0.2591 0.1581 0.9452 0.4276 0.5349 0.0801 0.4863 0.2151 0.0727 0.6368 0.6935 0.2316 0.8073 0.2339 0.2726 0.5428 0.6859 0.8744 0.9961 0.1511 0.5037 0.7313 0.601 0.1915 0.1484 0.1506 0.3587 0.6048 0.0818 0.3375 0.5588 0.4648 0.8729 0.1042 0.8374 0.6239 0.5061 0.8854 0.3119 0.8102 0.5384 0.1224 0.0909 0.4765 0.7897 0.1733 0.7996 0.8993 0.5013 0.9383 0.0646 0.0132 0.8054 0.2436 0.3659 0.2254 0.1332 0.841 0.8234 0.1845 0.5144 0.2318 0.6151 0.2158 0.0155 0.9533 0.9299 0.9993 0.269 0.2025 0.4519 0.1163 0.3472 0.7644 0.3058 0.7369 0.6575 0.9745 0.8851 0.9126 0.0373 0.992 0.6975 0.256 0.7523 0.2095 0.5089 0.1622 0.0979 0.0282 0.8741 0.2415 0.1878 0.2615
0.1691 0.5882 0.9585 0.0202 0.0754 0.5257 0.78
0.5 0.5 0.5 0.0 0.4 0.5 1 1 0
0 0 0
0.7439 0.6284 0.9311 0.2229 0.5491 0.079 0.2591 0.1581 0.9452 0.4276 0.5349 0.0801 0.4863 0.2151 0.0727 0.6368 0.6935 0.2316 0.8073 0.2339 0.2726 0.5428 0.6859 0.8744 0.9961 0.1511 0.5037 0.7313 0.601 0.1915 0.1484 0.1506 0.3587 0.6048 0.0818 0.3375 0.5588 0.4648 0.8729 0.1042 0.8374 0.6239 0.5061 0.8854 0.3119 0.8102 0.5384 0.1224 0.0909 0.4765 0.7897 0.1733 0.7996 0.8993 0.5013 0.9383 0.0646 0.0132 0.8054 0.2436 0.3659 0.2254 0.1332 0.841 0.8234 0.1845 0.5144 0.2318 0.6151 0.2158 0.0155 0.9533 0.9299 0.9993 0.269 0.2025 0.4519 0.1163 0.3472 0.7644 0.3058 0.7369 0.6575 0.9745 0.8851 0.9126 0.0373 0.992 0.6975 0.256 0.7523 0.2095 0.5089 0.1622 0.0979 0.0282 0.8741 0.2415 0.1878 0.2615
0.1691 0.5882 0.9585 0.0202 0.0754 0.5257 0.78
0.5 0.5 0.5 0.0 0.4 0.5 1 1 0
0 0 0
0.7439 0.6284 0.9311 0.2229 0.5491 0.079 0.2591 0.1581 0.9452 0.4276 0.5349 0.0801 0.4863 0.2151 0.0727 0.6368 0.6935 0.2316 0.8073 0.2339 0.2726 0.5428 0.6859 0.8744 0.9961 0.1511 0.5037 0.7313 0.601 0.1915 0.1484 0.1506 0.3587 0.6048 0.0818 0.3375 0.5588 0.4648 0.8729 0.1042 0.8374 0.6239 0.5061 0.8854 0.3119 0.8102 0.5384 0.1224 0.0909 0.4765 0.7897 0.1733 0.7996 0.8993 0.5013 0.9383 0.0646 0.0132 0.8054 0.2436 0.3659 0.2254 0.1332 0.841 0.8234 0.1845 0.5144 0.2318 0.6151 0.2158 0.0155 0.9533 0.9299 0.9993 0.269 0.2025 0.4519 0.1163 0.3472 0.7644 0.3058 0.7369 0.6575 0.9745 0.8851 0.9126 0.0373 0.992 0.6975 0.256 0.7523 0.2095 0.5089 0.1622 0.0979 0.0282 0.8741 0.2415 0.1878 0.2615
0.1691 0.5882 0.9585 0.0202 0.0754 0.5257 0.78
0.5 0.5 0.5 0.0 0.4 0.5 1 1 0
0 0 0
0.7439 0.6284 0.9311 0.2229 0.5491 0.079 0.2591 0.1581 0.9452 0.4276 0.5349 0.0801 0.4863 0.2151 0.0727 0.6368 0.6935 0.2316 0.8073 0.2339 0.2726 0.5428 0.6859 0.8744 0.9961 0.1511 0.5037 0.7313 0.601 0.1915 0.1484 0.1506 0.3587 0.6048 0.0818 0.3375 0.5588 0.4648 0.8729 0.1042 0.8374 0.6239 0.5061 0.8854 0.3119 0.8102 0.5384 0.1224 0.0909 0.4765 0.7897 0.1733 0.7996 0.8993 0.5013 0.9383 0.0646 0.0132 0.8054 0.2436 0.3659 0.2254 0.1332 0.841 0.8234 0.1845 0.5144 0.2318 0.6151 0.2158 0.0155 0.9533 0.9299 0.9993 0.269 0.2025 0.4519 0.1163 0.3472 0.7644 0.3058 0.7369 0.6575 0.9745 0.8851 0.9126 0.0373 0.992 0.6975 0.256 0.7523 0.2095 0.5089 0.1622 0.0979 0.0282 0.8741 0.2415 0.1878 0.2615
0.1691 0.5882 0.9585 0.0202 0.0754 0.5257 0.78
0.5 0.5 0.5 0.0 0.4 0.5 1 1 0
0 0 0
0.7439 0.6284 0.9311 0.2229 0.5491 0.079 0.2591 0.1581 0.9452 0.4276 0.5349 0.0801 0.4863 0.2151 0.0727 0.6368 0.6935 0.2316 0.8073 0.2339 0.2726 0.5428 0.6859 0.8744 0.9961 0.1511 0.5037 0.7313 0.601 0.1915 0.1484 0.1506 0.3587 0.6048 0.0818 0.3375 0.5588 0.4648 0.8729 0.1042 0.8374 0.6239 0.5061 0.8854 0.3119 0.8102 0.5384 0.1224 0.0909 0.4765 0.7897 0.1733 0.7996 0.8993 0.5013 0.9383 0.0646 0.0132 0.8054 0.2436 0.3659 0.2254 0.1332 0.841 0.8234 0.1845 0.5144 0.2318 0.6151 0.2158 0.0155 0.9533 0.9299 0.9993 0.269 0.2025 0.4519 0.1163 0.3472 0.7644 0.3058 0.7369 0.6575 0.9745 0.8851 0.9126 0.0373 0.992 0.6975 0.256 0.7523 0.2095 0.5089 0.1622 0.0979 0.0282 0.8741 0.2415 0.1878 0.2615
0.1691 0.5882 0.9585 0.0202 0.0754 0.5257 0.78
0.5 0.5 0.5 0.0 0.4 0.5 1 1 0
0 0 0
0.7439 0.6284 0.9311 0.2229 0.5491 0.079 0.2591 0.1581 0.9452 0.4276 0.5349 0.0801 0.4863 0.2151 0.0727 0.6368 0.6935 0.2316 0.8073 0.2339 0.2726 0.5428 0.6859 0.8744 0.9961 0.1511 0.5037 0.7313 0.601 0.1915 0.1484 0.1506 0.3587 0.6048 0.0818 0.3375 0.5588 0.4648 0.8729 0.1042 0.8374 0.6239 0.5061 0.8854 0.3119 0.8102 0.5384 0.1224 0.0909 0.4765 0.7897 0.1733 0.7996 0.8993 0.5013 0.9383 0.0646 0.0132 0.8054 0.2436 0.3659 0.2254 0.1332 0.841 0.8234 0.1845 0.5144 0.2318 0.6151 0.2158 0.0155 0.9533 0.9299 0.9993 0.269 0.2025 0.4519 0.1163 0.3472 0.7644 0.3058 0.7369 0.6575 0.9745 0.8851 0.9126 0.0373 0.992 0.6975 0.256 0.7523 0.2095 0.5089 0.1622 0.0979 0.0282 0.8741 0.2415 0.1878 0.2615
0.1691 0.5882 0.9585 0.0202 0.0754 0.5257 0.78
0.5 0.5 0.5 0.0 0.4 0.5 1 1 0
0 0 0
0.7439 0.6284 0.9311 0.2229 0.5491 0.079 0.2591 0.1581 0.9452 0.4276 0.5349 0.0801 0.4863 0.2151 0.0727 0.6368 0.6935 0.2316 0.8073 0.2339 0.2726 0.5428 0.6859 0.8744 0.9961 0.1511 0.5037 0.7313 0.601 0.1915 0.1484 0.1506 0.3587 0.6048 0.0818 0.3375 0.5588 0.4648 0.8729 0.1042 0.8374 0.6239 0.5061 0.8854 0.3119 0.8102 0.5384 0.1224 0.0909 0.4765 0.7897 0.1733 0.7996 0.8993 0.5013 0.9383 0.0646 0.0132 0.8054 0.2436 0.3659 0.2254 0.1332 0.841 0.8234 0.1845 0.5144 0.2318 0.6151 0.2158 0.0155 0.9533 0.9299 0.9993 0.269 0.2025 0.4519 0.1163 0.3472 0.7644 0.3058 0.7369 0.6575 0.9745 0.8851 0.9126 0.0373 0.992 0.6975 0.256 0.7523 0.2095 0.5089 0.1622 0.0979 0.0282 0.8741 0.2415 0.1878 0.2615
0.1691 0.5882 0.9585 0.0202 0.0754 0.5257 0.78
0.5 0.5 0.5 0.0 0.4 0.5 1 1 0
0 0 0
0.7439 0.6284 0.9311 0.2229 0.5491 0.079 0.2591 0.1581 0.9452 0.4276 0.5349 0.0801 0.4863 0.2151 0.0727 0.6368 0.6935 0.2316 0.8073 0.2339 0.2726 0.5428 0.6859 0.8744 0.9961 0.1511 0.5037 0.7313 0.601 0.1915 0.1484 0.1506 0.3587 0.6048 0.0818 0.3375 0.5588 0.4648 0.8729 0.1042 0.8374 0.6239 0.5061 0.8854 0.3119 0.8102 0.5384 0.1224 0.0909 0.4765 0.7897 0.1733 0.7996 0.8993 0.5013 0.9383 0.0646 0.0132 0.8054 0.2436 0.3659 0.2254 0.1332 0.841 0.8234 0.1845 0.5144 0.2318 0.6151 0.2158 0.0155 0.9533 0.9299 0.9993 0.269 0.2025 0.4519 0.1163 0.3472 0.7644 0.3058 0.7369 0.6575 0.9745 0.8851 0.9126 0.0373 0.992 0.6975 0.256 0.7523 0.2095 0.5089 0.1622 0.0979 0.0282 0.8741 0.2415 0.1878 0.2615
0.1691 0.5882 0.9585 0.0202 0.0754 0.5257 0.78
0.5 0.5 0.5 0.0 0.4 0.5 1 1 0
0 0 0
0.7439 0.6284 0.9311 0.2229 0.5491 0.079 0.2591 0.1581 0.9452 0.4276 0.5349 0.0801 0.4863 0.2151 0.0727 0.6368 0.6935 0.2316 0.8073 0.2339 0.2726 0.5428 0.6859 0.8744 0.9961 0.1511 0.5037 0.7313 0.601 0.1915 0.1484 0.1506 0.3587 0.6048 0.0818 0.3375 0.5588 0.4648 0.8729 0.1042 0.8374 0.6239 0.5061 0.8854 0.3119 0.8102 0.5384 0.1224 0.0909 0.4765 0.7897 0.1733 0.7996 0.8993 0.5013 0.9383 0.0646 0.0132 0.8054 0.2436 0.3659 0.2254 0.1332 0.841 0.8234 0.1845 0.5144 0.2318 0.6151 0.2158 0.0155 0.9533 0.9299 0.9993 0.269 0.2025 0.4519 0.1163 0.3472 0.7644 0.3058 0.7369 0.6575 0.9745 0.8851 0.9126 0.0373 0.992 0.6975 0.256 0.7523 0.2095 0.5089 0.1622 0.0979 0.0282 0.8741 0.2415 0.1878 0.2615
0.1691 0.5882 0.9585 0.0202 0.0754 0.5257 0.78
0.5 0.5 0.5 0.0 0.4 0.5 1 1 0
0 0 0
0.7439 0.6284 0.9311 0.2229 0.5491 0.079 0.2591 0.1581 0.9452 0.4276 0.5349 0.0801 0.4863 0.2151 0.0727 0.6368 0.6935 0.2316 0.8073 0.2339 0.2726 0.5428 0.6859 0.8744 0.9961 0.1511 0.5037 0.7313 0.601 0.1915 0.1484 0.1506 0.3587 0.6048 0.0818 0.3375 0.5588 0.4648 0.8729 0.1042 0.8374 0.6239 0.5061 0.8854 0.3119 0.8102 0.5384 0.1224 0.0909 0.4765 0.7897 0.1733 0.7996 0.8993 0.5013 0.9383 0.0646 0.0132 0.8054 0.2436 0.3659 0.2254 0.1332 0.841 0.8234 0.1845 0.5144 0.2318 0.6151 0.2158 0.0155 0.9533 0.9299 0.9993 0.269 0.2025 0.4519 0.1163 0.3472 0.7644 0.3058 0.7369 0.6575 0.9745 0.8851 0.9126 0.0373 0.992 0.6975 0.256 0.7523 0.2095 0.5089 0.1622 0.0979 0.0282 0.8741 0.2415 0.1878 0.2615
0.1691 0.5882 0.9585 0.0202 0.0754 0.5257 0.78
0.5 0.5 0.5 0.0 0.4 0.5 1 1 0
0 0 0
0.7439 0.6284 0.9311 0.2229 0.5491 0.079 0.2591 0.1581 0.9452 0.4276 0.5349 0.0801 0.4863 0.2151 0.0727 0.6368 0.6935 0.2316 0.8073 0.2339 0.2726 0.5428 0.6859 0.8744 0.9961 0.1511 0.5037 0.7313 0.601 0.1915 0.1484 0.1506 0.3587 0.6048 0.0818 0.3375 0.5588 0.4648 0.8729 0.1042 0.8374 0.6239 0.5061 0.8854 0.3119 0.8102 0.5384 0.1224 0.0909 0.4765 0.7897 0.1733 0.7996 0.8993 0.5013 0.9383 0.0646 0.0132 0.8054 0.2436 0.3659 0.2254 0.1332 0.841 0.8234 0.1845 0.5144 0.2318 0.6151 0.2158 0.0155 0.9533 0.9299 0.9993 0.269 0.2025 0.4519 0.1163 0.3472 0.7644 0.3058 0.7369 0.6575 0.9745 0.8851 0.9126 0.0373 0.992 0.6975 0.256 0.7523 0.2095 0.5089 0.1622 0.0979 0.0282 0.8741 0.2415 0.1878 0.2615
0.1691 0.5882 0.9585 0.0202 0.0754 0.5257 0.78
0.5 0.5 0.5 0.0 0.4 0.5 1 1 0
0 0 0
0.7439 0.6284 0.9311 0.2229 0.5491 0.079 0.2591 0.1581 0.9452 0.4276 0.5349 0.0801 0.4863 0.2151 0.0727 0.6368 0.6935 0.2316 0.8073 0.2339 0.2726 0.5428 0.6859 0.8744 0.9961 0.1511 0.5037 0.7313 0.601 0.1915 0.1484 0.1506 0.3587 0.6048 0.0818 0.3375 0.5588 0.4648 0.8729 0.1042 0.8374 0.6239 0.5061 0.8854 0.3119 0.8102 0.5384 0.1224 0.0909 0.4765 0.7897 0.1733 0.7996 0.8993 0.5013 0.9383 0.0646 0.0132 0.8054 0.2436 0.3659 0.2254 0.1332 0.841 0.8234 0.1845 0.5144 0.2318 0.6151 0.2158 0.0155 0.9533 0.9299 0.9993 0.269 0.2025 0.4519 0.1163 0.3472 0.7644 0.3058 0.7369 0.6575 0.9745 0.8851 0.9126 0.0373 0.992 0.6975 0.256 0.7523 0.2095 0.5089 0.1622 0.0979 0.0282 0.8741 0.2415 0.1878 0.2615
0.1691 0.5882 0.9585 0.0202 0.0754 0.5257 0.78
0.5 0.5 0.5 0.0 0.4 0.5 1 1 0
0 0 0
0.7439 0.6284 0.9311 0.2229 0.5491 0.079 0.2591 0.1581 0.9452 0.4276 0.5349 0.0801 0.4863 0.2151 0.0727 0.6368 0.6935 0.2316 0.8073 0.2339 0.2726 0.5428 0.6859 0.8744 0.9961 0.1511 0.5037 0.7313 0.601 0.1915 0.1484 0.1506 0.3587 0.6048 0.0818 0.3375 0.5588 0.4648 0.8729 0.1042 0.8374 0.6239 0.5061 0.8854 0.3119 0.8102 0.5384 0.1224 0.0909 0.4765 0.7897 0.1733 0.7996 0.8993 0.5013 0.9383 0.0646 0.0132 0.8054 0.2436 0.3659 0.2254 0.1332 0.841 0.8234 0.1845 0.5144 0.2318 0.6151 0.2158 0.0155 0.9533 0.9299 0.9993 0.269 0.2025 0.4519 0.1163 0.3472 0.7644 0.3058 0.7369 0.6575 0.9745 0.8851 0.9126 0.0373 0.992 0.6975 0.256 0.7523 0.2095 0.5089 0.1622 0.0979 0.0282 0.8741 0.2415 0.1878 0.2615
0.1691 0.5882 0.9585 0.0202 0.0754 0.5257 0.78
0.5 0.5 0.5 0.0 0.4 0.5 1 1 0
0 0 0
0.7439 0.6284 0.9311 0.2229 0.5491 0.079 0.2591 0.1581 0.9452 0.4276 0.5349 0.0801 0.4863 0.2151 0.0727 0.6368 0.6935 0.2316 0.8073 0.2339 0.2726 0.5428 0.6859 0.8744 0.9961 0.1511 0.5037 0.7313 0.601 0.1915 0.1484 0.1506 0.3587 0.6048 0.0818 0.3375 0.5588 0.4648 0.8729 0.1042 0.8374 0.6239 0.5061 0.8854 0.3119 0.8102 0.5384 0.1224 0.0909 0.4765 0.7897 0.1733 0.7996 0.8993 0.5013 0.9383 0.0646 0.0132 0.8054 0.2436 0.3659 0.2254 0.1332 0.841 0.8234 0.1845 0.5144 0.2318 0.6151 0.2158 0.0155 0.9533 0.9299 0.9993 0.269 0.2025 0.4519 0.1163 0.3472 0.7644 0.3058 0.7369 0.6575 0.9745 0.8851 0.9126 0.0373 0.992 0.6975 0.256 0.7523 0.2095 0.5089 0.1622 0.0979 0.0282 0.8741 0.2415 0.1878 0.2615
0.1691 0.5882 0.9585 0.0202 0.0754 0.5257 0.78
0.5 0.5 0.5 0.0 0.4 0.5 1 1 0
0 0 0
0.7439 0.6284 0.9311 0.2229 0.5491 0.079 0.2591 0.1581 0.9452 0.4276 0.5349 0.0801 0.4863 0.2151 0.0727 0.6368 0.6935 0.2316 0.8073 0.2339 0.2726 0.5428 0.6859 0.8744 0.9961 0.1511 0.5037 0.7313 0.601 0.1915 0.1484 0.1506 0.3587 0.6048 0.0818 0.3375 0.5588 0.4648 0.8729 0.1042 0.8374 0.6239 0.5061 0.8854 0.3119 0.8102 0.5384 0.1224 0.0909 0.4765 0.7897 0.1733 0.7996 0.8993 0.5013 0.9383 0.0646 0.0132 0.8054 0.2436 0.3659 0.2254 0.1332 0.841 0.8234 0.1845 0.5144 0.2318 0.6151 0.2158 0.0155 0.9533 0.9299 0.9993 0.269 0.2025 0.4519 0.1163 0.3472 0.7644 0.3058 0.7369 0.6575 0.9745 0.8851 0.9126 0.0373 0.992 0.6975 0.256 0.7523 0.2095 0.5089 0.1622 0.0979 0.0282 0.8741 0.2415 0.1878 0.2615
0.1691 0.5882 0.9585 0.0202 0.0754 0.5257 0.78
0.5 0.5 0.5 0.0 0.4 0.5 1 1 0
0 0 0
0.7439 0.6284 0.9311 0.2229 0.5491 0.079 0.2591 0.7439 0.6284 0.9311 0.2229 0.5491 0.079 0.2591 0.7439 0.6284 0.9311 0.2229 0.5491 0.079 0.2591 0.7439 0.6284 0.9311 0.2229 0.5491 0.079 0.2591 0.7439 0.6284 0.9311 0.2229 0.5491 0.079 0.2591 0.7439 0.6284 0.9311 0.2229 0.5491 0.079 0.2591 0.7439 0.6284 0.9311 0.2229 0.5491 0.079 0.2591 0.7439 0.6284 0.9311 0.2229 0.5491 0.079 0.2591 0.7439 0.6284 0.9311 0.2229 0.5491 0.079 0.2591 0.7439 0.6284 0.9311 0.2229 0.5491 0.079 0.2591 0.7439 0.6284 0.9311 0.2229 0.5491 0.079 0.2591 0.7439 0.6284 0.9311 0.2229 0.5491 0.079 0.2591 0.7439 0.6284 0.9311 0.2229 0.5491 0.079 0.2591 0.7439 0.6284 0.9311 0.2229 0.5491 0.079 0.2591 0.7439 0.6284 0.9311 0.2229 0.5491 0.079 0.2591 0.7439 0.6284 0.9311 0.2229 0.5491 0.079 0.2591 0.7439 0.6284 0.9311 0.2229 0.5491 0.079 0.2591 0.7439 0.6284 0.9311 0.2229 0.5491 0.079 0.2591 0.7439 0.6284 0.9311 0.2229 0.5491 0.079 0.2591 0.7439 0.6284 0.9311 0.2229 0.5491 0.079 0.2591 0.7439 0.6284 0.9311 0.2229 0.5491 0.079 0.2591 0.7439 0.6284 0.9311 0.2229 0.5491 0.079 0.2591 0.7439 0.6284 0.9311 0.2229 0.5491 0.079 0.2591 0.7439 0.6284 0.9311 0.2229 0.5491 0.079 0.2591 0.7439 0.6284 0.9311 0.2229 0.5491 0.079 0.2591 0.7439 0.6284 0.9311 0.2229 0.5491 0.079 0.2591 0.7439 0.6284 0.9311 0.2229 0.5491 0.079 0.2591 0.7439 0.6284 0.9311 0.2229 0.5491 0.079 0.2591 0.7439 0.6284 0.9311 0.2229 0.5491 0.079 0.2591 0.7439 0.6284 0.9311 0.2229 0.5491 0.079 0.2591 0.7439 0.6284 0.9311 0.2229 0.5491 0.079 0.2591 0.7439 0.6284 0.9311 0.2229 0.5491 0.079 0.2591 0.7439 0.6284 0.9311 0.2229 0.5491 0.079 0.2591 0.7439 0.6284 0.9311 0.2229 0.5491 0.079 0.2591 0.7439 0.6284 0.9311 0.2229 0.5491 0.079 0.2591 0.7439 0.6284 0.9311 0.2229 0.5491 0.079 0.2591 0.7439 0.6284 0.9311 0.2229 0.5491 0.079 0.2591 0.7439 0.6284 0.9311 0.2229 0.5491 0.079 0.2591 0.7439 0.6284 0.9311 0.2229 0.5491 0.079 0.2591 0.7439 0.6284 0.9311 0.2229 0.5491 0.079 0.2591 0.7439 0.6284 0.9311 0.2229 0.5491 0.079 0.2591 0.7439 0.6284 0.9311 0.2229 0.5491 0.079 0.2591 0.7439 0.6284 0.9311 0.2229 0.5491 0.079 0.2591 0.7439 0.6284 0.9311 0.2229 0.5491 0.079 0.2591 0.7439 0.6284 0.9311 0.2229 0.5491 0.079 0.2591 0.7439 0.6284 0.9311 0.2229 0.5491 0.079 0.2591 0.7439 0.6284 0.9311 0.2229 0.5491 0.079 0.2591 0.7439 0.6284 0.9311 0.2229 0.5491 0.079 0.2591 0.7439 0.6284 0.9311 0.2229 0.5491 0.079 0.2591 0.7439 0.6284 0.9311 0.2229 0.5491 0.079 0.2591 0.7439 0.6284 0.9311 0.2229 0.5491 0.079 0.2591 0.7439 0.6284 0.9311 0.2229 0.5491 0.079 0.2591 0.7439 0.6284 0.9311 0.2229 0.5491 0.079 0.2591 0.7439 0.6284 0.9311 0.2229 0.5491 0.079 0.2591 0.7439 0.6284 0.9311 0.2229 0.5491 0.079 0.2591 0.7439 0.6284 0.9311 0.2229 0.5491 0.079 0.2591 0.7439 0.6284 0.9311 0.2229 0.5491 0.079 0.2591 0.7439 0.6284 0.9311 0.2229 0.5491 0.079 0.2591 0.7439 0.6284 0.9311 0.2229 0.5491 0.079 0.2591 0.7439 0.6284 0.9311 0.2229 0.5491 0.079 0.2591 0.1581 0.9452 0.4276 0.5349 0.0801 0.4863 0.2151 0.0727 0.6368 0.6935 0.2316 0.8073 0.2339 0.2726 0.5428 0.6859 0.8744 0.9961 0.1511 0.5037 0.7313 0.601 0.1915 0.1484 0.1506 0.3587 0.6048 0.0818 0.3375 0.5588 0.4648 0.8729 0.1042 0.8374 0.6239 0.5061 0.8854 0.3119 0.8102 0.5384 0.1224 0.0909 0.4765 0.7897 0.1733 0.7996 0.8993 0.5013 0.9383 0.0646 0.0132 0.8054 0.2436 0.3659 0.2254 0.1332 0.841 0.8234 0.1845 0.5144 0.2318 0.6151 0.2158 0.0155 0.9533 0.9299 0.9993 0.269 0.2025 0.4519 0.1163 0.3472 0.7644 0.3058 0.7369 0.6575 0.9745 0.8851 0.9126 0.0373 0.992 0.6975 0.256 0.7523 0.2095 0.5089 0.1622 0.0979 0.0282 0.8741 0.2415 0.1878 0.2615
0.7439 0.6284 0.9311 0.2229 0.5491 0.079 0.2591 0.7439 0.6284 0.9311 0.2229 0.5491 0.079 0.2591 0.7439 0.6284 0.9311 0.2229 0.5491 0.079 0.2591 0.7439 0.6284 0.9311 0.2229 0.5491 0.079 0.2591 0.7439 0.6284 0.9311 0.2229 0.5491 0.079 0.2591 0.7439 0.6284 0.9311 0.2229 0.5491 0.079 0.2591 0.7439 0.6284 0.9311 0.2229 0.5491 0.079 0.2591 0.7439 0.6284 0.9311 0.2229 0.5491 0.079 0.2591 0.7439 0.6284 0.9311 0.2229 0.5491 0.079 0.2591 0.7439 0.6284 0.9311 0.2229 0.5491 0.079 0.2591 0.7439 0.6284 0.9311 0.2229 0.5491 0.079 0.2591 0.7439 0.6284 0.9311 0.2229 0.5491 0.079 0.2591 0.7439 0.6284 0.9311 0.2229 0.5491 0.079 0.2591 0.7439 0.6284 0.9311 0.2229 0.5491 0.079 0.2591 0.7439 0.6284 0.9311 0.2229 0.5491 0.079 0.2591 0.7439 0.6284 0.9311 0.2229 0.5491 0.079 0.2591 0.7439 0.6284 0.9311 0.2229 0.5491 0.079 0.2591 0.7439 0.6284 0.9311 0.2229 0.5491 0.079 0.2591 0.7439 0.6284 0.9311 0.2229 0.5491 0.079 0.2591 0.7439 0.6284 0.9311 0.2229 0.5491 0.079 0.2591 0.7439 0.6284 0.9311 0.2229 0.5491 0.079 0.2591 0.7439 0.6284 0.9311 0.2229 0.5491 0.079 0.2591 0.7439 0.6284 0.9311 0.2229 0.5491 0.079 0.2591 0.7439 0.6284 0.9311 0.2229 0.5491 0.079 0.2591 0.7439 0.6284 0.9311 0.2229 0.5491 0.079 0.2591 0.7439 0.6284 0.9311 0.2229 0.5491 0.079 0.2591 0.7439 0.6284 0.9311 0.2229 0.5491 0.079 0.2591 0.7439 0.6284 0.9311 0.2229 0.5491 0.079 0.2591 0.7439 0.6284 0.9311 0.2229 0.5491 0.079 0.2591 0.7439 0.6284 0.9311 0.2229 0.5491 0.079 0.2591 0.7439 0.6284 0.9311 0.2229 0.5491 0.079 0.2591 0.7439 0.6284 0.9311 0.2229 0.5491 0.079 0.2591 0.7439 0.6284 0.9311 0.2229 0.5491 0.079 0.2591 0.7439 0.6284 0.9311 0.2229 0.5491 0.079 0.2591 0.7439 0.6284 0.9311 0.2229 0.5491 0.079 0.2591 0.7439 0.6284 0.9311 0.2229 0.5491 0.079 0.2591 0.7439 0.6284 0.9311 0.2229 0.5491 0.079 0.2591 0.7439 0.6284 0.9311 0.2229 0.5491 0.079 0.2591 0.7439 0.6284 0.9311 0.2229 0.5491 0.079 0.2591 0.7439 0.6284 0.9311 0.2229 0.5491 0.079 0.2591 0.7439 0.6284 0.9311 0.2229 0.5491 0.079 0.2591 0.7439 0.6284 0.9311 0.2229 0.5491 0.079 0.2591 0.7439 0.6284 0.9311 0.2229 0.5491 0.079 0.2591 0.7439 0.6284 0.9311 0.2229 0.5491 0.079 0.2591 0.7439 0.6284 0.9311 0.2229 0.5491 0.079 0.2591 0.7439 0.6284 0.9311 0.2229 0.5491 0.079 0.2591 0.7439 0.6284 0.9311 0.2229 0.5491 0.079 0.2591 0.7439 0.6284 0.9311 0.2229 0.5491 0.079 0.2591 0.7439 0.6284 0.9311 0.2229 0.5491 0.079 0.2591 0.7439 0.6284 0.9311 0.2229 0.5491 0.079 0.2591 0.7439 0.6284 0.9311 0.2229 0.5491 0.079 0.2591 0.7439 0.6284 0.9311 0.2229 0.5491 0.079 0.2591 0.7439 0.6284 0.9311 0.2229 0.5491 0.079 0.2591 0.7439 0.6284 0.9311 0.2229 0.5491 0.079 0.2591 0.7439 0.6284 0.9311 0.2229 0.5491 0.079 0.2591 0.7439 0.6284 0.9311 0.2229 0.5491 0.079 0.2591 0.7439 0.6284 0.9311 0.2229 0.5491 0.079 0.2591 0.7439 0.6284 0.9311 0.2229 0.5491 0.079 0.2591 0.7439 0.6284 0.9311 0.2229 0.5491 0.079 0.2591 0.7439 0.6284 0.9311 0.2229 0.5491 0.079 0.2591 0.1581 0.9452 0.4276 0.5349 0.0801 0.4863 0.2151 0.0727 0.6368 0.6935 0.2316 0.8073 0.2339 0.2726 0.5428 0.6859 0.8744 0.9961 0.1511 0.5037 0.7313 0.601 0.1915 0.1484 0.1506 0.3587 0.6048 0.0818 0.3375 0.5588 0.4648 0.8729 0.1042 0.8374 0.6239 0.5061 0.8854 0.3119 0.8102 0.5384 0.1224 0.0909 0.4765 0.7897 0.1733 0.7996 0.8993 0.5013 0.9383 0.0646 0.0132 0.8054 0.2436 0.3659 0.2254 0.1332 0.841 0.8234 0.1845 0.5144 0.2318 0.6151 0.2158 0.0155 0.9533 0.9299 0.9993 0.269 0.2025 0.4519 0.1163 0.3472 0.7644 0.3058 0.7369 0.6575 0.9745 0.8851 0.9126 0.0373 0.992 0.6975 0.256 0.7523 0.2095 0.5089 0.1622 0.0979 0.0282 0.8741 0.2415 0.1878 0.2615
0.7439 0.6284 0.9311 0.2229 0.5491 0.079 0.2591 0.7439 0.6284 0.9311 0.2229 0.5491 0.079 0.2591 0.7439 0.6284 0.9311 0.2229 0.5491 0.079 0.2591 0.7439 0.6284 0.9311 0.2229 0.5491 0.079 0.2591 0.7439 0.6284 0.9311 0.2229 0.5491 0.079 0.2591 0.7439 0.6284 0.9311 0.2229 0.5491 0.079 0.2591 0.7439 0.6284 0.9311 0.2229 0.5491 0.079 0.2591 0.7439 0.6284 0.9311 0.2229 0.5491 0.079 0.2591 0.7439 0.6284 0.9311 0.2229 0.5491 0.079 0.2591 0.7439 0.6284 0.9311 0.2229 0.5491 0.079 0.2591 0.7439 0.6284 0.9311 0.2229 0.5491 0.079 0.2591 0.7439 0.6284 0.9311 0.2229 0.5491 0.079 0.2591 0.7439 0.6284 0.9311 0.2229 0.5491 0.079 0.2591 0.7439 0.6284 0.9311 0.2229 0.5491 0.079 0.2591 0.7439 0.6284 0.9311 0.2229 0.5491 0.079 0.2591 0.7439 0.6284 0.9311 0.2229 0.5491 0.079 0.2591 0.7439 0.6284 0.9311 0.2229 0.5491 0.079 0.2591 0.7439 0.6284 0.9311 0.2229 0.5491 0.079 0.2591 0.7439 0.6284 0.9311 0.2229 0.5491 0.079 0.2591 0.7439 0.6284 0.9311 0.2229 0.5491 0.079 0.2591 0.7439 0.6284 0.9311 0.2229 0.5491 0.079 0.2591 0.7439 0.6284 0.9311 0.2229 0.5491 0.079 0.2591 0.7439 0.6284 0.9311 0.2229 0.5491 0.079 0.2591 0.7439 0.6284 0.9311 0.2229 0.5491 0.079 0.2591 0.7439 0.6284 0.9311 0.2229 0.5491 0.079 0.2591 0.7439 0.6284 0.9311 0.2229 0.5491 0.079 0.2591 0.7439 0.6284 0.9311 0.2229 0.5491 0.079 0.2591 0.7439 0.6284 0.9311 0.2229 0.5491 0.079 0.2591 0.7439 0.6284 0.9311 0.2229 0.5491 0.079 0.2591 0.7439 0.6284 0.9311 0.2229 0.5491 0.079 0.2591 0.7439 0.6284 0.9311 0.2229 0.5491 0.079 0.2591 0.7439 0.6284 0.9311 0.2229 0.5491 0.079 0.2591 0.7439 0.6284 0.9311 0.2229 0.5491 0.079 0.2591 0.7439 0.6284 0.9311 0.2229 0.5491 0.079 0.2591 0.7439 0.6284 0.9311 0.2229 0.5491 0.079 0.2591 0.7439 0.6284 0.9311 0.2229 0.5491 0.079 0.2591 0.7439 0.6284 0.9311 0.2229 0.5491 0.079 0.2591 0.7439 0.6284 0.9311 0.2229 0.5491 0.079 0.2591 0.7439 0.6284 0.9311 0.2229 0.5491 0.079 0.2591 0.7439 0.6284 0.9311 0.2229 0.5491 0.079 0.2591 0.7439 0.6284 0.9311 0.2229 0.5491 0.079 0.2591 0.7439 0.6284 0.9311 0.2229 0.5491 0.079 0.2591 0.7439 0.6284 0.9311 0.2229 0.5491 0.079 0.2591 0.7439 0.6284 0.9311 0.2229 0.5491 0.079 0.2591 0.7439 0.6284 0.9311 0.2229 0.5491 0.079 0.2591 0.7439 0.6284 0.9311 0.2229 0.5491 0.079 0.2591 0.7439 0.6284 0.9311 0.2229 0.5491 0.079 0.2591 0.7439 0.6284 0.9311 0.2229 0.5491 0.079 0.2591 0.7439 0.6284 0.9311 0.2229 0.5491 0.079 0.2591 0.7439 0.6284 0.9311 0.2229 0.5491 0.079 0.2591 0.7439 0.6284 0.9311 0.2229 0.5491 0.079 0.2591 0.7439 0.6284 0.9311 0.2229 0.5491 0.079 0.2591 0.7439 0.6284 0.9311 0.2229 0.5491 0.079 0.2591 0.7439 0.6284 0.9311 0.2229 0.5491 0.079 0.2591 0.7439 0.6284 0.9311 0.2229 0.5491 0.079 0.2591 0.7439 0.6284 0.9311 0.2229 0.5491 0.079 0.2591 0.7439 0.6284 0.9311 0.2229 0.5491 0.079 0.2591 0.7439 0.6284 0.9311 0.2229 0.5491 0.079 0.2591 0.7439 0.6284 0.9311 0.2229 0.5491 0.079 0.2591 0.7439 0.6284 0.9311 0.2229 0.5491 0.079 0.2591 0.1581 0.9452 0.4276 0.5349 0.0801 0.4863 0.2151 0.0727 0.6368 0.6935 0.2316 0.8073 0.2339 0.2726 0.5428 0.6859 0.8744 0.9961 0.1511 0.5037 0.7313 0.601 0.1915 0.1484 0.1506 0.3587 0.6048 0.0818 0.3375 0.5588 0.4648 0.8729 0.1042 0.8374 0.6239 0.5061 0.8854 0.3119 0.8102 0.5384 0.1224 0.0909 0.4765 0.7897 0.1733 0.7996 0.8993 0.5013 0.9383 0.0646 0.0132 0.8054 0.2436 0.3659 0.2254 0.1332 0.841 0.8234 0.1845 0.5144 0.2318 0.6151 0.2158 0.0155 0.9533 0.9299 0.9993 0.269 0.2025 0.4519 0.1163 0.3472 0.7644 0.3058 0.7369 0.6575 0.9745 0.8851 0.9126 0.0373 0.992 0.6975 0.256 0.7523 0.2095 0.5089 0.1622 0.0979 0.0282 0.8741 0.2415 0.1878 0.2615
0.7439 0.6284 0.9311 0.2229 0.5491 0.079 0.2591 0.7439 0.6284 0.9311 0.2229 0.5491 0.079 0.2591 0.7439 0.6284 0.9311 0.2229 0.5491 0.079 0.2591 0.7439 0.6284 0.9311 0.2229 0.5491 0.079 0.2591 0.7439 0.6284 0.9311 0.2229 0.5491 0.079 0.2591 0.7439 0.6284 0.9311 0.2229 0.5491 0.079 0.2591 0.7439 0.6284 0.9311 0.2229 0.5491 0.079 0.2591 0.7439 0.6284 0.9311 0.2229 0.5491 0.079 0.2591 0.7439 0.6284 0.9311 0.2229 0.5491 0.079 0.2591 0.7439 0.6284 0.9311 0.2229 0.5491 0.079 0.2591 0.7439 0.6284 0.9311 0.2229 0.5491 0.079 0.2591 0.7439 0.6284 0.9311 0.2229 0.5491 0.079 0.2591 0.7439 0.6284 0.9311 0.2229 0.5491 0.079 0.2591 0.7439 0.6284 0.9311 0.2229 0.5491 0.079 0.2591 0.7439 0.6284 0.9311 0.2229 0.5491 0.079 0.2591 0.7439 0.6284 0.9311 0.2229 0.5491 0.079 0.2591 0.7439 0.6284 0.9311 0.2229 0.5491 0.079 0.2591 0.7439 0.6284 0.9311 0.2229 0.5491 0.079 0.2591 0.7439 0.6284 0.9311 0.2229 0.5491 0.079 0.2591 0.7439 0.6284 0.9311 0.2229 0.5491 0.079 0.2591 0.7439 0.6284 0.9311 0.2229 0.5491 0.079 0.2591 0.7439 0.6284 0.9311 0.2229 0.5491 0.079 0.2591 0.7439 0.6284 0.9311 0.2229 0.5491 0.079 0.2591 0.7439 0.6284 0.9311 0.2229 0.5491 0.079 0.2591 0.7439 0.6284 0.9311 0.2229 0.5491 0.079 0.2591 0.7439 0.6284 0.9311 0.2229 0.5491 0.079 0.2591 0.7439 0.6284 0.9311 0.2229 0.5491 0.079 0.2591 0.7439 0.6284 0.9311 0.2229 0.5491 0.079 0.2591 0.7439 0.6284 0.9311 0.2229 0.5491 0.079 0.2591 0.7439 0.6284 0.9311 0.2229 0.5491 0.079 0.2591 0.7439 0.6284 0.9311 0.2229 0.5491 0.079 0.2591 0.7439 0.6284 0.9311 0.2229 0.5491 0.079 0.2591 0.7439 0.6284 0.9311 0.2229 0.5491 0.079 0.2591 0.7439 0.6284 0.9311 0.2229 0.5491 0.079 0.2591 0.7439 0.6284 0.9311 0.2229 0.5491 0.079 0.2591 0.7439 0.6284 0.9311 0.2229 0.5491 0.079 0.2591 0.7439 0.6284 0.9311 0.2229 0.5491 0.079 0.2591 0.7439 0.6284 0.9311 0.2229 0.5491 0.079 0.2591 0.7439 0.6284 0.9311 0.2229 0.5491 0.079 0.2591 0.7439 0.6284 0.9311 0.2229 0.5491 0.079 0.2591 0.7439 0.6284 0.9311 0.2229 0.5491 0.079 0.2591 0.7439 0.6284 0.9311 0.2229 0.5491 0.079 0.2591 0.7439 0.6284 0.9311 0.2229 0.5491 0.079 0.2591 0.7439 0.6284 0.9311 0.2229 0.5491 0.079 0.2591 0.7439 0.6284 0.9311 0.2229 0.5491 0.079 0.2591 0.7439 0.6284 0.9311 0.2229 0.5491 0.079 0.2591 0.7439 0.6284 0.9311 0.2229 0.5491 0.079 0.2591 0.7439 0.6284 0.9311 0.2229 0.5491 0.079 0.2591 0.7439 0.6284 0.9311 0.2229 0.5491 0.079 0.2591 0.7439 0.6284 0.9311 0.2229 0.5491 0.079 0.2591 0.7439 0.6284 0.9311 0.2229 0.5491 0.079 0.2591 0.7439 0.6284 0.9311 0.2229 0.5491 0.079 0.2591 0.7439 0.6284 0.9311 0.2229 0.5491 0.079 0.2591 0.7439 0.6284 0.9311 0.2229 0.5491 0.079 0.2591 0.7439 0.6284 0.9311 0.2229 0.5491 0.079 0.2591 0.7439 0.6284 0.9311 0.2229 0.5491 0.079 0.2591 0.7439 0.6284 0.9311 0.2229 0.5491 0.079 0.2591 0.7439 0.6284 0.9311 0.2229 0.5491 0.079 0.2591 0.7439 0.6284 0.9311 0.2229 0.5491 0.079 0.2591 0.7439 0.6284 0.9311 0.2229 0.5491 0.079 0.2591 0.1581 0.9452 0.4276 0.5349 0.0801 0.4863 0.2151 0.0727 0.6368 0.6935 0.2316 0.8073 0.2339 0.2726 0.5428 0.6859 0.8744 0.9961 0.1511 0.5037 0.7313 0.601 0.1915 0.1484 0.1506 0.3587 0.6048 0.0818 0.3375 0.5588 0.4648 0.8729 0.1042 0.8374 0.6239 0.5061 0.8854 0.3119 0.8102 0.5384 0.1224 0.0909 0.4765 0.7897 0.1733 0.7996 0.8993 0.5013 0.9383 0.0646 0.0132 0.8054 0.2436 0.3659 0.2254 0.1332 0.841 0.8234 0.1845 0.5144 0.2318 0.6151 0.2158 0.0155 0.9533 0.9299 0.9993 0.269 0.2025 0.4519 0.1163 0.3472 0.7644 0.3058 0.7369 0.6575 0.9745 0.8851 0.9126 0.0373 0.992  0.992 0.6975 0.2560.6975 0.256 0.7523 0.2095 0.5089 0.1622 0.0979 0.0282 0.8741 0.2415 0.1878 0.2615
0.7439 0.6284 0.9311 0.2229 0.5491 0.079 0.2591 0.7439 0.6284 0.9311 0.2229 0.5491 0.079 0.2591 0.7439 0.6284 0.9311 0.2229 0.5491 0.079 0.2591 0.7439 0.6284 0.9311 0.2229 0.5491 0.079 0.2591 0.7439 0.6284 0.9311 0.2229 0.5491 0.079 0.2591 0.7439 0.6284 0.9311 0.2229 0.5491 0.079 0.2591 0.7439 0.6284 0.9311 0.2229 0.5491 0.079 0.2591 0.7439 0.6284 0.9311 0.2229 0.5491 0.079 0.2591 0.7439 0.6284 0.9311 0.2229 0.5491 0.079 0.2591 0.7439 0.6284 0.9311 0.2229 0.5491 0.079 0.2591 0.7439 0.6284 0.9311 0.2229 0.5491 0.079 0.2591 0.7439 0.6284 0.9311 0.2229 0.5491 0.079 0.2591 0.7439 0.6284 0.9311 0.2229 0.5491 0.079 0.2591 0.7439 0.6284 0.9311 0.2229 0.5491 0.079 0.2591 0.7439 0.6284 0.9311 0.2229 0.5491 0.079 0.2591 0.7439 0.6284 0.9311 0.2229 0.5491 0.079 0.2591 0.7439 0.6284 0.9311 0.2229 0.5491 0.079 0.2591 0.7439 0.6284 0.9311 0.2229 0.5491 0.079 0.2591 0.7439 0.6284 0.9311 0.2229 0.5491 0.079 0.2591 0.7439 0.6284 0.9311 0.2229 0.5491 0.079 0.2591 0.7439 0.6284 0.9311 0.2229 0.5491 0.079 0.2591 0.7439 0.6284 0.9311 0.2229 0.5491 0.079 0.2591 0.7439 0.6284 0.9311 0.2229 0.5491 0.079 0.2591 0.7439 0.6284 0.9311 0.2229 0.5491 0.079 0.2591 0.7439 0.6284 0.9311 0.2229 0.5491 0.079 0.2591 0.7439 0.6284 0.9311 0.2229 0.5491 0.079 0.2591 0.7439 0.6284 0.9311 0.2229 0.5491 0.079 0.2591 0.7439 0.6284 0.9311 0.2229 0.5491 0.079 0.2591 0.7439 0.6284 0.9311 0.2229 0.5491 0.079 0.2591 0.7439 0.6284 0.9311 0.2229 0.5491 0.079 0.2591 0.7439 0.6284 0.9311 0.2229 0.5491 0.079 0.2591 0.7439 0.6284 0.9311 0.2229 0.5491 0.079 0.2591 0.7439 0.6284 0.9311 0.2229 0.5491 0.079 0.2591 0.7439 0.6284 0.9311 0.2229 0.5491 0.079 0.2591 0.7439 0.6284 0.9311 0.2229 0.5491 0.079 0.2591 0.7439 0.6284 0.9311 0.2229 0.5491 0.079 0.2591 0.7439 0.6284 0.9311 0.2229 0.5491 0.079 0.2591 0.7439 0.6284 0.9311 0.2229 0.5491 0.079 0.2591 0.7439 0.6284 0.9311 0.2229 0.5491 0.079 0.2591 0.7439 0.6284 0.9311 0.2229 0.5491 0.079 0.2591 0.7439 0.6284 0.9311 0.2229 0.5491 0.079 0.2591 0.7439 0.6284 0.9311 0.2229 0.5491 0.079 0.2591 0.7439 0.6284 0.9311 0.2229 0.5491 0.079 0.2591 0.7439 0.6284 0.9311 0.2229 0.5491 0.079 0.2591 0.7439 0.6284 0.9311 0.2229 0.5491 0.079 0.2591 0.7439 0.6284 0.9311 0.2229 0.5491 0.079 0.2591 0.7439 0.6284 0.9311 0.2229 0.5491 0.079 0.2591 0.7439 0.6284 0.9311 0.2229 0.5491 0.079 0.2591 0.7439 0.6284 0.9311 0.2229 0.5491 0.079 0.2591 0.7439 0.6284 0.9311 0.2229 0.5491 0.079 0.2591 0.7439 0.6284 0.9311 0.2229 0.5491 0.079 0.2591 0.7439 0.6284 0.9311 0.2229 0.5491 0.079 0.2591 0.7439 0.6284 0.9311 0.2229 0.5491 0.079 0.2591 0.7439 0.6284 0.9311 0.2229 0.5491 0.079 0.2591 0.7439 0.6284 0.9311 0.2229 0.5491 0.079 0.2591 0.7439 0.6284 0.9311 0.2229 0.5491 0.079 0.2591 0.7439 0.6284 0.9311 0.2229 0.5491 0.079 0.2591 0.7439 0.6284 0.9311 0.2229 0.5491 0.079 0.2591 0.7439 0.6284 0.9311 0.2229 0.5491 0.079 0.2591 0.7439 0.6284 0.9311 0.2229 0.5491 0.079 0.2591 0.1581 0.9452 0.4276 0.5349 0.0801 0.4863 0.2151 0.0727 0.6368 0.6935 0.2316 0.8073 0.2339 0.2726 0.5428 0.6859 0.8744 0.9961 0.1511 0.5037 0.7313 0.601 0.1915 0.1484 0.1506 0.3587 0.6048 0.0818 0.3375 0.5588 0.4648 0.8729 0.1042 0.8374 0.6239 0.5061 0.8854 0.3119 0.8102 0.5384 0.1224 0.0909 0.4765 0.7897 0.1733 0.7996 0.8993 0.5013 0.9383 0.0646 0.0132 0.8054 0.2436 0.3659 0.2254 0.1332 0.841 0.8234 0.1845 0.5144 0.2318 0.6151 0.2158 0.0155 0.9533 0.9299 0.9993 0.269 0.2025 0.4519 0.1163 0.3472 0.7644 0.3058 0.7369 0.6575 0.9745 0.8851 0.9126 0.0373 0.992 0.6975 0.256 0.7523 0.2095 0.5089 0.1622 0.0979 0.0282 0.8741 0.2415 0.1878 0.2615
0.7439 0.6284 0.9311 0.2229 0.5491 0.079 0.2591 0.7439 0.6284 0.9311 0.2229 0.5491 0.079 0.2591 0.7439 0.6284 0.9311 0.2229 0.5491 0.079 0.2591 0.7439 0.6284 0.9311 0.2229 0.5491 0.079 0.2591 0.7439 0.6284 0.9311 0.2229 0.5491 0.079 0.2591 0.7439 0.6284 0.9311 0.2229 0.5491 0.079 0.2591 0.7439 0.6284 0.9311 0.2229 0.5491 0.079 0.2591 0.7439 0.6284 0.9311 0.2229 0.5491 0.079 0.2591 0.7439 0.6284 0.9311 0.2229 0.5491 0.079 0.2591 0.7439 0.6284 0.9311 0.2229 0.5491 0.079 0.2591 0.7439 0.6284 0.9311 0.2229 0.5491 0.079 0.2591 0.7439 0.6284 0.9311 0.2229 0.5491 0.079 0.2591 0.7439 0.6284 0.9311 0.2229 0.5491 0.079 0.2591 0.7439 0.6284 0.9311 0.2229 0.5491 0.079 0.2591 0.7439 0.6284 0.9311 0.2229 0.5491 0.079 0.2591 0.7439 0.6284 0.9311 0.2229 0.5491 0.079 0.2591 0.7439 0.6284 0.9311 0.2229 0.5491 0.079 0.2591 0.7439 0.6284 0.9311 0.2229 0.5491 0.079 0.2591 0.7439 0.6284 0.9311 0.2229 0.5491 0.079 0.2591 0.7439 0.6284 0.9311 0.2229 0.5491 0.079 0.2591 0.7439 0.6284 0.9311 0.2229 0.5491 0.079 0.2591 0.7439 0.6284 0.9311 0.2229 0.5491 0.079 0.2591 0.7439 0.6284 0.9311 0.2229 0.5491 0.079 0.2591 0.7439 0.6284 0.9311 0.2229 0.5491 0.079 0.2591 0.7439 0.6284 0.9311 0.2229 0.5491 0.079 0.2591 0.7439 0.6284 0.9311 0.2229 0.5491 0.079 0.2591 0.7439 0.6284 0.9311 0.2229 0.5491 0.079 0.2591 0.7439 0.6284 0.9311 0.2229 0.5491 0.079 0.2591 0.7439 0.6284 0.9311 0.2229 0.5491 0.079 0.2591 0.7439 0.6284 0.9311 0.2229 0.5491 0.079 0.2591 0.7439 0.6284 0.9311 0.2229 0.5491 0.079 0.2591 0.7439 0.6284 0.9311 0.2229 0.5491 0.079 0.2591 0.7439 0.6284 0.9311 0.2229 0.5491 0.079 0.2591 0.7439 0.6284 0.9311 0.2229 0.5491 0.079 0.2591 0.7439 0.6284 0.9311 0.2229 0.5491 0.079 0.2591 0.7439 0.6284 0.9311 0.2229 0.5491 0.079 0.2591 0.7439 0.6284 0.9311 0.2229 0.5491 0.079 0.2591 0.7439 0.6284 0.9311 0.2229 0.5491 0.079 0.2591 0.7439 0.6284 0.9311 0.2229 0.5491 0.079 0.2591 0.7439 0.6284 0.9311 0.2229 0.5491 0.079 0.2591 0.7439 0.6284 0.9311 0.2229 0.5491 0.079 0.2591 0.7439 0.6284 0.9311 0.2229 0.5491 0.079 0.2591 0.7439 0.6284 0.9311 0.2229 0.5491 0.079 0.2591 0.7439 0.6284 0.9311 0.2229 0.5491 0.079 0.2591 0.7439 0.6284 0.9311 0.2229 0.5491 0.079 0.2591 0.7439 0.6284 0.9311 0.2229 0.5491 0.079 0.2591 0.7439 0.6284 0.9311 0.2229 0.5491 0.079 0.2591 0.7439 0.6284 0.9311 0.2229 0.5491 0.079 0.2591 0.7439 0.6284 0.9311 0.2229 0.5491 0.079 0.2591 0.7439 0.6284 0.9311 0.2229 0.5491 0.079 0.2591 0.7439 0.6284 0.9311 0.2229 0.5491 0.079 0.2591 0.7439 0.6284 0.9311 0.2229 0.5491 0.079 0.2591 0.7439 0.6284 0.9311 0.2229 0.5491 0.079 0.2591 0.7439 0.6284 0.9311 0.2229 0.5491 0.079 0.2591 0.7439 0.6284 0.9311 0.2229 0.5491 0.079 0.2591 0.7439 0.6284 0.9311 0.2229 0.5491 0.079 0.2591 0.7439 0.6284 0.9311 0.2229 0.5491 0.079 0.2591 0.7439 0.6284 0.9311 0.2229 0.5491 0.079 0.2591 0.7439 0.6284 0.9311 0.2229 0.5491 0.079 0.2591 0.7439 0.6284 0.9311 0.2229 0.5491 0.079 0.2591 0.1581 0.9452 0.4276 0.5349 0.0801 0.4863 0.2151 0.0727 0.6368 0.6935 0.2316 0.8073 0.2339 0.2726 0.5428 0.6859 0.8744 0.9961 0.1511 0.5037 0.7313 0.601 0.1915 0.1484 0.1506 0.3587 0.6048 0.0818 0.3375 0.5588 0.4648 0.8729 0.1042 0.8374 0.6239 0.5061 0.8854 0.3119 0.8102 0.5384 0.1224 0.0909 0.4765 0.7897 0.1733 0.7996 0.8993 0.5013 0.9383 0.0646 0.0132 0.8054 0.2436 0.3659 0.2254 0.1332 0.841 0.8234 0.1845 0.5144 0.2318 0.6151 0.2158 0.0155 0.9533 0.9299 0.9993 0.269 0.2025 0.4519 0.1163 0.3472 0.7644 0.3058 0.7369 0.6575 0.9745 0.8851 0.9126 0.0373 0.992 0.6975 0.256 0.7523 0.2095 0.5089 0.1622 0.0979 0.0282 0.8741 0.2415 0.1878 0.2615
0.7439 0.6284 0.9311 0.2229 0.5491 0.079 0.2591 0.7439 0.6284 0.9311 0.2229 0.5491 0.079 0.2591 0.7439 0.6284 0.9311 0.2229 0.5491 0.079 0.2591 0.7439 0.6284 0.9311 0.2229 0.5491 0.079 0.2591 0.7439 0.6284 0.9311 0.2229 0.5491 0.079 0.2591 0.7439 0.6284 0.9311 0.2229 0.5491 0.079 0.2591 0.7439 0.6284 0.9311 0.2229 0.5491 0.079 0.2591 0.7439 0.6284 0.9311 0.2229 0.5491 0.079 0.2591 0.7439 0.6284 0.9311 0.2229 0.5491 0.079 0.2591 0.7439 0.6284 0.9311 0.2229 0.5491 0.079 0.2591 0.7439 0.6284 0.9311 0.2229 0.5491 0.079 0.2591 0.7439 0.6284 0.9311 0.2229 0.5491 0.079 0.2591 0.7439 0.6284 0.9311 0.2229 0.5491 0.079 0.2591 0.7439 0.6284 0.9311 0.2229 0.5491 0.079 0.2591 0.7439 0.6284 0.9311 0.2229 0.5491 0.079 0.2591 0.7439 0.6284 0.9311 0.2229 0.5491 0.079 0.2591 0.7439 0.6284 0.9311 0.2229 0.5491 0.079 0.2591 0.7439 0.6284 0.9311 0.2229 0.5491 0.079 0.2591 0.7439 0.6284 0.9311 0.2229 0.5491 0.079 0.2591 0.7439 0.6284 0.9311 0.2229 0.5491 0.079 0.2591 0.7439 0.6284 0.9311 0.2229 0.5491 0.079 0.2591 0.7439 0.6284 0.9311 0.2229 0.5491 0.079 0.2591 0.7439 0.6284 0.9311 0.2229 0.5491 0.079 0.2591 0.7439 0.6284 0.9311 0.2229 0.5491 0.079 0.2591 0.7439 0.6284 0.9311 0.2229 0.5491 0.079 0.2591 0.7439 0.6284 0.9311 0.2229 0.5491 0.079 0.2591 0.7439 0.6284 0.9311 0.2229 0.5491 0.079 0.2591 0.7439 0.6284 0.9311 0.2229 0.5491 0.079 0.2591 0.7439 0.6284 0.9311 0.2229 0.5491 0.079 0.2591 0.7439 0.6284 0.9311 0.2229 0.5491 0.079 0.2591 0.7439 0.6284 0.9311 0.2229 0.5491 0.079 0.2591 0.7439 0.6284 0.9311 0.2229 0.5491 0.079 0.2591 0.7439 0.6284 0.9311 0.2229 0.5491 0.079 0.2591 0.7439 0.6284 0.9311 0.2229 0.5491 0.079 0.2591 0.7439 0.6284 0.9311 0.2229 0.5491 0.079 0.2591 0.7439 0.6284 0.9311 0.2229 0.5491 0.079 0.2591 0.7439 0.6284 0.9311 0.2229 0.5491 0.079 0.2591 0.7439 0.6284 0.9311 0.2229 0.5491 0.079 0.2591 0.7439 0.6284 0.9311 0.2229 0.5491 0.079 0.2591 0.7439 0.6284 0.9311 0.2229 0.5491 0.079 0.2591 0.7439 0.6284 0.9311 0.2229 0.5491 0.079 0.2591 0.7439 0.6284 0.9311 0.2229 0.5491 0.079 0.2591 0.7439 0.6284 0.9311 0.2229 0.5491 0.079 0.2591 0.7439 0.6284 0.9311 0.2229 0.5491 0.079 0.2591 0.7439 0.6284 0.9311 0.2229 0.5491 0.079 0.2591 0.7439 0.6284 0.9311 0.2229 0.5491 0.079 0.2591 0.7439 0.6284 0.9311 0.2229 0.5491 0.079 0.2591 0.7439 0.6284 0.9311 0.2229 0.5491 0.079 0.2591 0.7439 0.6284 0.9311 0.2229 0.5491 0.079 0.2591 0.7439 0.6284 0.9311 0.2229 0.5491 0.079 0.2591 0.7439 0.6284 0.9311 0.2229 0.5491 0.079 0.2591 0.7439 0.6284 0.9311 0.2229 0.5491 0.079 0.2591 0.7439 0.6284 0.9311 0.2229 0.5491 0.079 0.2591 0.7439 0.6284 0.9311 0.2229 0.5491 0.079 0.2591 0.7439 0.6284 0.9311 0.2229 0.5491 0.079 0.2591 0.7439 0.6284 0.9311 0.2229 0.5491 0.079 0.2591 0.7439 0.6284 0.9311 0.2229 0.5491 0.079 0.2591 0.7439 0.6284 0.9311 0.2229 0.5491 0.079 0.2591 0.7439 0.6284 0.9311 0.2229 0.5491 0.079 0.2591 0.7439 0.6284 0.9311 0.2229 0.5491 0.079 0.2591 0.1581 0.9452 0.4276 0.5349 0.0801 0.4863 0.2151 0.0727 0.6368 0.6935 0.2316 0.8073 0.2339 0.2726 0.5428 0.6859 0.8744 0.9961 0.1511 0.5037 0.7313 0.601 0.1915 0.1484 0.1506 0.3587 0.6048 0.0818 0.3375 0.5588 0.4648 0.8729 0.1042 0.8374 0.6239 0.5061 0.8854 0.3119 0.8102 0.5384 0.1224 0.0909 0.4765 0.7897 0.1733 0.7996 0.8993 0.5013 0.9383 0.0646 0.0132 0.8054 0.2436 0.3659 0.2254 0.1332 0.841 0.8234 0.1845 0.5144 0.2318 0.6151 0.2158 0.0155 0.9533 0.9299 0.9993 0.269 0.2025 0.4519 0.1163 0.3472 0.7644 0.3058 0.7369 0.6575 0.9745 0.8851 0.9126 0.0373 0.992 0.6975 0.256 0.7523 0.2095 0.5089 0.1622 0.0979 0.0282 0.8741 0.2415 0.1878 0.2615
0.7439 0.6284 0.9311 0.2229 0.5491 0.079 0.2591 0.7439 0.6284 0.9311 0.2229 0.5491 0.079 0.2591 0.7439 0.6284 0.9311 0.2229 0.5491 0.079 0.2591 0.7439 0.6284 0.9311 0.2229 0.5491 0.079 0.2591 0.7439 0.6284 0.9311 0.2229 0.5491 0.079 0.2591 0.7439 0.6284 0.9311 0.2229 0.5491 0.079 0.2591 0.7439 0.6284 0.9311 0.2229 0.5491 0.079 0.2591 0.7439 0.6284 0.9311 0.2229 0.5491 0.079 0.2591 0.7439 0.6284 0.9311 0.2229 0.5491 0.079 0.2591 0.7439 0.6284 0.9311 0.2229 0.5491 0.079 0.2591 0.7439 0.6284 0.9311 0.2229 0.5491 0.079 0.2591 0.7439 0.6284 0.9311 0.2229 0.5491 0.079 0.2591 0.7439 0.6284 0.9311 0.2229 0.5491 0.079 0.2591 0.7439 0.6284 0.9311 0.2229 0.5491 0.079 0.2591 0.7439 0.6284 0.9311 0.2229 0.5491 0.079 0.2591 0.7439 0.6284 0.9311 0.2229 0.5491 0.079 0.2591 0.7439 0.6284 0.9311 0.2229 0.5491 0.079 0.2591 0.7439 0.6284 0.9311 0.2229 0.5491 0.079 0.2591 0.7439 0.6284 0.9311 0.2229 0.5491 0.079 0.2591 0.7439 0.6284 0.9311 0.2229 0.5491 0.079 0.2591 0.7439 0.6284 0.9311 0.2229 0.5491 0.079 0.2591 0.7439 0.6284 0.9311 0.2229 0.5491 0.079 0.2591 0.7439 0.6284 0.9311 0.2229 0.5491 0.079 0.2591 0.7439 0.6284 0.9311 0.2229 0.5491 0.079 0.2591 0.7439 0.6284 0.9311 0.2229 0.5491 0.079 0.2591 0.7439 0.6284 0.9311 0.2229 0.5491 0.079 0.2591 0.7439 0.6284 0.9311 0.2229 0.5491 0.079 0.2591 0.7439 0.6284 0.9311 0.2229 0.5491 0.079 0.2591 0.7439 0.6284 0.9311 0.2229 0.5491 0.079 0.2591 0.7439 0.6284 0.9311 0.2229 0.5491 0.079 0.2591 0.7439 0.6284 0.9311 0.2229 0.5491 0.079 0.2591 0.7439 0.6284 0.9311 0.2229 0.5491 0.079 0.2591 0.7439 0.6284 0.9311 0.2229 0.5491 0.079 0.2591 0.7439 0.6284 0.9311 0.2229 0.5491 0.079 0.2591 0.7439 0.6284 0.9311 0.2229 0.5491 0.079 0.2591 0.7439 0.6284 0.9311 0.2229 0.5491 0.079 0.2591 0.7439 0.6284 0.9311 0.2229 0.5491 0.079 0.2591 0.7439 0.6284 0.9311 0.2229 0.5491 0.079 0.2591 0.7439 0.6284 0.9311 0.2229 0.5491 0.079 0.2591 0.7439 0.6284 0.9311 0.2229 0.5491 0.079 0.2591 0.7439 0.6284 0.9311 0.2229 0.5491 0.079 0.2591 0.7439 0.6284 0.9311 0.2229 0.5491 0.079 0.2591 0.7439 0.6284 0.9311 0.2229 0.5491 0.079 0.2591 0.7439 0.6284 0.9311 0.2229 0.5491 0.079 0.2591 0.7439 0.6284 0.9311 0.2229 0.5491 0.079 0.2591 0.7439 0.6284 0.9311 0.2229 0.5491 0.079 0.2591 0.7439 0.6284 0.9311 0.2229 0.5491 0.079 0.2591 0.7439 0.6284 0.9311 0.2229 0.5491 0.079 0.2591 0.7439 0.6284 0.9311 0.2229 0.5491 0.079 0.2591 0.7439 0.6284 0.9311 0.2229 0.5491 0.079 0.2591 0.7439 0.6284 0.9311 0.2229 0.5491 0.079 0.2591 0.7439 0.6284 0.9311 0.2229 0.5491 0.079 0.2591 0.7439 0.6284 0.9311 0.2229 0.5491 0.079 0.2591 0.7439 0.6284 0.9311 0.2229 0.5491 0.079 0.2591 0.7439 0.6284 0.9311 0.2229 0.5491 0.079 0.2591 0.7439 0.6284 0.9311 0.2229 0.5491 0.079 0.2591 0.7439 0.6284 0.9311 0.2229 0.5491 0.079 0.2591 0.7439 0.6284 0.9311 0.2229 0.5491 0.079 0.2591 0.7439 0.6284 0.9311 0.2229 0.5491 0.079 0.2591 0.7439 0.6284 0.9311 0.2229 0.5491 0.079 0.2591 0.1581 0.9452 0.4276 0.5349 0.0801 0.4863 0.2151 0.0727 0.6368 0.6935 0.2316 0.8073 0.2339 0.2726 0.5428 0.6859 0.8744 0.9961 0.1511 0.5037 0.7313 0.601 0.1915 0.1484 0.1506 0.3587 0.6048 0.0818 0.3375 0.5588 0.4648 0.8729 0.1042 0.8374 0.6239 0.5061 0.8854 0.3119 0.8102 0.5384 0.1224 0.0909 0.4765 0.7897 0.1733 0.7996 0.8993 0.5013 0.9383 0.0646 0.0132 0.8054 0.2436 0.3659 0.2254 0.1332 0.841 0.8234 0.1845 0.5144 0.2318 0.6151 0.2158 0.0155 0.9533 0.9299 0.9993 0.269 0.2025 0.4519 0.1163 0.3472 0.7644 0.3058 0.7369 0.6575 0.9745 0.8851 0.9126 0.0373 0.992  0.992 0.6975 0.2560.6975 0.256 0.7523 0.2095 0.5089 0.1622 0.0979 0.0282 0.8741 0.2415 0.1878 0.2615
0.7439 0.6284 0.9311 0.2229 0.5491 0.079 0.2591 0.7439 0.6284 0.9311 0.2229 0.5491 0.079 0.2591 0.7439 0.6284 0.9311 0.2229 0.5491 0.079 0.2591 0.7439 0.6284 0.9311 0.2229 0.5491 0.079 0.2591 0.7439 0.6284 0.9311 0.2229 0.5491 0.079 0.2591 0.7439 0.6284 0.9311 0.2229 0.5491 0.079 0.2591 0.7439 0.6284 0.9311 0.2229 0.5491 0.079 0.2591 0.7439 0.6284 0.9311 0.2229 0.5491 0.079 0.2591 0.7439 0.6284 0.9311 0.2229 0.5491 0.079 0.2591 0.7439 0.6284 0.9311 0.2229 0.5491 0.079 0.2591 0.7439 0.6284 0.9311 0.2229 0.5491 0.079 0.2591 0.7439 0.6284 0.9311 0.2229 0.5491 0.079 0.2591 0.7439 0.6284 0.9311 0.2229 0.5491 0.079 0.2591 0.7439 0.6284 0.9311 0.2229 0.5491 0.079 0.2591 0.7439 0.6284 0.9311 0.2229 0.5491 0.079 0.2591 0.7439 0.6284 0.9311 0.2229 0.5491 0.079 0.2591 0.7439 0.6284 0.9311 0.2229 0.5491 0.079 0.2591 0.7439 0.6284 0.9311 0.2229 0.5491 0.079 0.2591 0.7439 0.6284 0.9311 0.2229 0.5491 0.079 0.2591 0.7439 0.6284 0.9311 0.2229 0.5491 0.079 0.2591 0.7439 0.6284 0.9311 0.2229 0.5491 0.079 0.2591 0.7439 0.6284 0.9311 0.2229 0.5491 0.079 0.2591 0.7439 0.6284 0.9311 0.2229 0.5491 0.079 0.2591 0.7439 0.6284 0.9311 0.2229 0.5491 0.079 0.2591 0.7439 0.6284 0.9311 0.2229 0.5491 0.079 0.2591 0.7439 0.6284 0.9311 0.2229 0.5491 0.079 0.2591 0.7439 0.6284 0.9311 0.2229 0.5491 0.079 0.2591 0.7439 0.6284 0.9311 0.2229 0.5491 0.079 0.2591 0.7439 0.6284 0.9311 0.2229 0.5491 0.079 0.2591 0.7439 0.6284 0.9311 0.2229 0.5491 0.079 0.2591 0.7439 0.6284 0.9311 0.2229 0.5491 0.079 0.2591 0.7439 0.6284 0.9311 0.2229 0.5491 0.079 0.2591 0.7439 0.6284 0.9311 0.2229 0.5491 0.079 0.2591 0.7439 0.6284 0.9311 0.2229 0.5491 0.079 0.2591 0.7439 0.6284 0.9311 0.2229 0.5491 0.079 0.2591 0.7439 0.6284 0.9311 0.2229 0.5491 0.079 0.2591 0.7439 0.6284 0.9311 0.2229 0.5491 0.079 0.2591 0.7439 0.6284 0.9311 0.2229 0.5491 0.079 0.2591 0.7439 0.6284 0.9311 0.2229 0.5491 0.079 0.2591 0.7439 0.6284 0.9311 0.2229 0.5491 0.079 0.2591 0.7439 0.6284 0.9311 0.2229 0.5491 0.079 0.2591 0.7439 0.6284 0.9311 0.2229 0.5491 0.079 0.2591 0.7439 0.6284 0.9311 0.2229 0.5491 0.079 0.2591 0.7439 0.6284 0.9311 0.2229 0.5491 0.079 0.2591 0.7439 0.6284 0.9311 0.2229 0.5491 0.079 0.2591 0.7439 0.6284 0.9311 0.2229 0.5491 0.079 0.2591 0.7439 0.6284 0.9311 0.2229 0.5491 0.079 0.2591 0.7439 0.6284 0.9311 0.2229 0.5491 0.079 0.2591 0.7439 0.6284 0.9311 0.2229 0.5491 0.079 0.2591 0.7439 0.6284 0.9311 0.2229 0.5491 0.079 0.2591 0.7439 0.6284 0.9311 0.2229 0.5491 0.079 0.2591 0.7439 0.6284 0.9311 0.2229 0.5491 0.079 0.2591 0.7439 0.6284 0.9311 0.2229 0.5491 0.079 0.2591 0.7439 0.6284 0.9311 0.2229 0.5491 0.079 0.2591 0.7439 0.6284 0.9311 0.2229 0.5491 0.079 0.2591 0.7439 0.6284 0.9311 0.2229 0.5491 0.079 0.2591 0.7439 0.6284 0.9311 0.2229 0.5491 0.079 0.2591 0.7439 0.6284 0.9311 0.2229 0.5491 0.079 0.2591 0.7439 0.6284 0.9311 0.2229 0.5491 0.079 0.2591 0.7439 0.6284 0.9311 0.2229 0.5491 0.079 0.2591 0.1581 0.9452 0.4276 0.5349 0.0801 0.4863 0.2151 0.0727 0.6368 0.6935 0.2316 0.8073 0.2339 0.2726 0.5428 0.6859 0.8744 0.9961 0.1511 0.5037 0.7313 0.601 0.1915 0.1484 0.1506 0.3587 0.6048 0.0818 0.3375 0.5588 0.4648 0.8729 0.1042 0.8374 0.6239 0.5061 0.8854 0.3119 0.8102 0.5384 0.1224 0.0909 0.4765 0.7897 0.1733 0.7996 0.8993 0.5013 0.9383 0.0646 0.0132 0.8054 0.2436 0.3659 0.2254 0.1332 0.841 0.8234 0.1845 0.5144 0.2318 0.6151 0.2158 0.0155 0.9533 0.9299 0.9993 0.269 0.2025 0.4519 0.1163 0.3472 0.7644 0.3058 0.7369 0.6575 0.9745 0.8851 0.9126 0.0373 0.992 0.6975 0.256 0.7523 0.2095 0.5089 0.1622 0.0979 0.0282 0.8741 0.2415 0.1878 0.2615
0.7439 0.6284 0.9311 0.2229 0.5491 0.079 0.2591 0.7439 0.6284 0.9311 0.2229 0.5491 0.079 0.2591 0.7439 0.6284 0.9311 0.2229 0.5491 0.079 0.2591 0.7439 0.6284 0.9311 0.2229 0.5491 0.079 0.2591 0.7439 0.6284 0.9311 0.2229 0.5491 0.079 0.2591 0.7439 0.6284 0.9311 0.2229 0.5491 0.079 0.2591 0.7439 0.6284 0.9311 0.2229 0.5491 0.079 0.2591 0.7439 0.6284 0.9311 0.2229 0.5491 0.079 0.2591 0.7439 0.6284 0.9311 0.2229 0.5491 0.079 0.2591 0.7439 0.6284 0.9311 0.2229 0.5491 0.079 0.2591 0.7439 0.6284 0.9311 0.2229 0.5491 0.079 0.2591 0.7439 0.6284 0.9311 0.2229 0.5491 0.079 0.2591 0.7439 0.6284 0.9311 0.2229 0.5491 0.079 0.2591 0.7439 0.6284 0.9311 0.2229 0.5491 0.079 0.2591 0.7439 0.6284 0.9311 0.2229 0.5491 0.079 0.2591 0.7439 0.6284 0.9311 0.2229 0.5491 0.079 0.2591 0.7439 0.6284 0.9311 0.2229 0.5491 0.079 0.2591 0.7439 0.6284 0.9311 0.2229 0.5491 0.079 0.2591 0.7439 0.6284 0.9311 0.2229 0.5491 0.079 0.2591 0.7439 0.6284 0.9311 0.2229 0.5491 0.079 0.2591 0.7439 0.6284 0.9311 0.2229 0.5491 0.079 0.2591 0.7439 0.6284 0.9311 0.2229 0.5491 0.079 0.2591 0.7439 0.6284 0.9311 0.2229 0.5491 0.079 0.2591 0.7439 0.6284 0.9311 0.2229 0.5491 0.079 0.2591 0.7439 0.6284 0.9311 0.2229 0.5491 0.079 0.2591 0.7439 0.6284 0.9311 0.2229 0.5491 0.079 0.2591 0.7439 0.6284 0.9311 0.2229 0.5491 0.079 0.2591 0.7439 0.6284 0.9311 0.2229 0.5491 0.079 0.2591 0.7439 0.6284 0.9311 0.2229 0.5491 0.079 0.2591 0.7439 0.6284 0.9311 0.2229 0.5491 0.079 0.2591 0.7439 0.6284 0.9311 0.2229 0.5491 0.079 0.2591 0.7439 0.6284 0.9311 0.2229 0.5491 0.079 0.2591 0.7439 0.6284 0.9311 0.2229 0.5491 0.079 0.2591 0.7439 0.6284 0.9311 0.2229 0.5491 0.079 0.2591 0.7439 0.6284 0.9311 0.2229 0.5491 0.079 0.2591 0.7439 0.6284 0.9311 0.2229 0.5491 0.079 0.2591 0.7439 0.6284 0.9311 0.2229 0.5491 0.079 0.2591 0.7439 0.6284 0.9311 0.2229 0.5491 0.079 0.2591 0.7439 0.6284 0.9311 0.2229 0.5491 0.079 0.2591 0.7439 0.6284 0.9311 0.2229 0.5491 0.079 0.2591 0.7439 0.6284 0.9311 0.2229 0.5491 0.079 0.2591 0.7439 0.6284 0.9311 0.2229 0.5491 0.079 0.2591 0.7439 0.6284 0.9311 0.2229 0.5491 0.079 0.2591 0.7439 0.6284 0.9311 0.2229 0.5491 0.079 0.2591 0.7439 0.6284 0.9311 0.2229 0.5491 0.079 0.2591 0.7439 0.6284 0.9311 0.2229 0.5491 0.079 0.2591 0.7439 0.6284 0.9311 0.2229 0.5491 0.079 0.2591 0.7439 0.6284 0.9311 0.2229 0.5491 0.079 0.2591 0.7439 0.6284 0.9311 0.2229 0.5491 0.079 0.2591 0.7439 0.6284 0.9311 0.2229 0.5491 0.079 0.2591 0.7439 0.6284 0.9311 0.2229 0.5491 0.079 0.2591 0.7439 0.6284 0.9311 0.2229 0.5491 0.079 0.2591 0.7439 0.6284 0.9311 0.2229 0.5491 0.079 0.2591 0.7439 0.6284 0.9311 0.2229 0.5491 0.079 0.2591 0.7439 0.6284 0.9311 0.2229 0.5491 0.079 0.2591 0.7439 0.6284 0.9311 0.2229 0.5491 0.079 0.2591 0.7439 0.6284 0.9311 0.2229 0.5491 0.079 0.2591 0.7439 0.6284 0.9311 0.2229 0.5491 0.079 0.2591 0.7439 0.6284 0.9311 0.2229 0.5491 0.079 0.2591 0.7439 0.6284 0.9311 0.2229 0.5491 0.079 0.2591 0.1581 0.9452 0.4276 0.5349 0.0801 0.4863 0.2151 0.0727 0.6368 0.6935 0.2316 0.8073 0.2339 0.2726 0.5428 0.6859 0.8744 0.9961 0.1511 0.5037 0.7313 0.601 0.1915 0.1484 0.1506 0.3587 0.6048 0.0818 0.3375 0.5588 0.4648 0.8729 0.1042 0.8374 0.6239 0.5061 0.8854 0.3119 0.8102 0.5384 0.1224 0.0909 0.4765 0.7897 0.1733 0.7996 0.8993 0.5013 0.9383 0.0646 0.0132 0.8054 0.2436 0.3659 0.2254 0.1332 0.841 0.8234 0.1845 0.5144 0.2318 0.6151 0.2158 0.0155 0.9533 0.9299 0.9993 0.269 0.2025 0.4519 0.1163 0.3472 0.7644 0.3058 0.7369 0.6575 0.9745 0.8851 0.9126 0.0373 0.992 0.6975 0.256 0.7523 0.2095 0.5089 0.1622 0.0979 0.0282 0.8741 0.2415 0.1878 0.2615
0.7439 0.6284 0.9311 0.2229 0.5491 0.079 0.2591 0.7439 0.6284 0.9311 0.2229 0.5491 0.079 0.2591 0.7439 0.6284 0.9311 0.2229 0.5491 0.079 0.2591 0.7439 0.6284 0.9311 0.2229 0.5491 0.079 0.2591 0.7439 0.6284 0.9311 0.2229 0.5491 0.079 0.2591 0.7439 0.6284 0.9311 0.2229 0.5491 0.079 0.2591 0.7439 0.6284 0.9311 0.2229 0.5491 0.079 0.2591 0.7439 0.6284 0.9311 0.2229 0.5491 0.079 0.2591 0.7439 0.6284 0.9311 0.2229 0.5491 0.079 0.2591 0.7439 0.6284 0.9311 0.2229 0.5491 0.079 0.2591 0.7439 0.6284 0.9311 0.2229 0.5491 0.079 0.2591 0.7439 0.6284 0.9311 0.2229 0.5491 0.079 0.2591 0.7439 0.6284 0.9311 0.2229 0.5491 0.079 0.2591 0.7439 0.6284 0.9311 0.2229 0.5491 0.079 0.2591 0.7439 0.6284 0.9311 0.2229 0.5491 0.079 0.2591 0.7439 0.6284 0.9311 0.2229 0.5491 0.079 0.2591 0.7439 0.6284 0.9311 0.2229 0.5491 0.079 0.2591 0.7439 0.6284 0.9311 0.2229 0.5491 0.079 0.2591 0.7439 0.6284 0.9311 0.2229 0.5491 0.079 0.2591 0.7439 0.6284 0.9311 0.2229 0.5491 0.079 0.2591 0.7439 0.6284 0.9311 0.2229 0.5491 0.079 0.2591 0.7439 0.6284 0.9311 0.2229 0.5491 0.079 0.2591 0.7439 0.6284 0.9311 0.2229 0.5491 0.079 0.2591 0.7439 0.6284 0.9311 0.2229 0.5491 0.079 0.2591 0.7439 0.6284 0.9311 0.2229 0.5491 0.079 0.2591 0.7439 0.6284 0.9311 0.2229 0.5491 0.079 0.2591 0.7439 0.6284 0.9311 0.2229 0.5491 0.079 0.2591 0.7439 0.6284 0.9311 0.2229 0.5491 0.079 0.2591 0.7439 0.6284 0.9311 0.2229 0.5491 0.079 0.2591 0.7439 0.6284 0.9311 0.2229 0.5491 0.079 0.2591 0.7439 0.6284 0.9311 0.2229 0.5491 0.079 0.2591 0.7439 0.6284 0.9311 0.2229 0.5491 0.079 0.2591 0.7439 0.6284 0.9311 0.2229 0.5491 0.079 0.2591 0.7439 0.6284 0.9311 0.2229 0.5491 0.079 0.2591 0.7439 0.6284 0.9311 0.2229 0.5491 0.079 0.2591 0.7439 0.6284 0.9311 0.2229 0.5491 0.079 0.2591 0.7439 0.6284 0.9311 0.2229 0.5491 0.079 0.2591 0.7439 0.6284 0.9311 0.2229 0.5491 0.079 0.2591 0.7439 0.6284 0.9311 0.2229 0.5491 0.079 0.2591 0.7439 0.6284 0.9311 0.2229 0.5491 0.079 0.2591 0.7439 0.6284 0.9311 0.2229 0.5491 0.079 0.2591 0.7439 0.6284 0.9311 0.2229 0.5491 0.079 0.2591 0.7439 0.6284 0.9311 0.2229 0.5491 0.079 0.2591 0.7439 0.6284 0.9311 0.2229 0.5491 0.079 0.2591 0.7439 0.6284 0.9311 0.2229 0.5491 0.079 0.2591 0.7439 0.6284 0.9311 0.2229 0.5491 0.079 0.2591 0.7439 0.6284 0.9311 0.2229 0.5491 0.079 0.2591 0.7439 0.6284 0.9311 0.2229 0.5491 0.079 0.2591 0.7439 0.6284 0.9311 0.2229 0.5491 0.079 0.2591 0.7439 0.6284 0.9311 0.2229 0.5491 0.079 0.2591 0.7439 0.6284 0.9311 0.2229 0.5491 0.079 0.2591 0.7439 0.6284 0.9311 0.2229 0.5491 0.079 0.2591 0.7439 0.6284 0.9311 0.2229 0.5491 0.079 0.2591 0.7439 0.6284 0.9311 0.2229 0.5491 0.079 0.2591 0.7439 0.6284 0.9311 0.2229 0.5491 0.079 0.2591 0.7439 0.6284 0.9311 0.2229 0.5491 0.079 0.2591 0.7439 0.6284 0.9311 0.2229 0.5491 0.079 0.2591 0.7439 0.6284 0.9311 0.2229 0.5491 0.079 0.2591 0.7439 0.6284 0.9311 0.2229 0.5491 0.079 0.2591 0.7439 0.6284 0.9311 0.2229 0.5491 0.079 0.2591 0.1581 0.9452 0.4276 0.5349 0.0801 0.4863 0.2151 0.0727 0.6368 0.6935 0.2316 0.8073 0.2339 0.2726 0.5428 0.6859 0.8744 0.9961 0.1511 0.5037 0.7313 0.601 0.1915 0.1484 0.1506 0.3587 0.6048 0.0818 0.3375 0.5588 0.4648 0.8729 0.1042 0.8374 0.6239 0.5061 0.8854 0.3119 0.8102 0.5384 0.1224 0.0909 0.4765 0.7897 0.1733 0.7996 0.8993 0.5013 0.9383 0.0646 0.0132 0.8054 0.2436 0.3659 0.2254 0.1332 0.841 0.8234 0.1845 0.5144 0.2318 0.6151 0.2158 0.0155 0.9533 0.9299 0.9993 0.269 0.2025 0.4519 0.1163 0.3472 0.7644 0.3058 0.7369 0.6575 0.9745 0.8851 0.9126 0.0373 0.992 0.6975 0.256 0.992 0.6975 0.256 0.7523 0.2095 0.5089 0.1622 0.0979 0.0282 0.8741 0.2415 0.1878 0.2615
0.7439 0.6284 0.9311 0.2229 0.5491 0.079 0.2591 0.7439 0.6284 0.9311 0.2229 0.5491 0.079 0.2591 0.7439 0.6284 0.9311 0.2229 0.5491 0.079 0.2591 0.7439 0.6284 0.9311 0.2229 0.5491 0.079 0.2591 0.7439 0.6284 0.9311 0.2229 0.5491 0.079 0.2591 0.7439 0.6284 0.9311 0.2229 0.5491 0.079 0.2591 0.7439 0.6284 0.9311 0.2229 0.5491 0.079 0.2591 0.7439 0.6284 0.9311 0.2229 0.5491 0.079 0.2591 0.7439 0.6284 0.9311 0.2229 0.5491 0.079 0.2591 0.7439 0.6284 0.9311 0.2229 0.5491 0.079 0.2591 0.7439 0.6284 0.9311 0.2229 0.5491 0.079 0.2591 0.7439 0.6284 0.9311 0.2229 0.5491 0.079 0.2591 0.7439 0.6284 0.9311 0.2229 0.5491 0.079 0.2591 0.7439 0.6284 0.9311 0.2229 0.5491 0.079 0.2591 0.7439 0.6284 0.9311 0.2229 0.5491 0.079 0.2591 0.7439 0.6284 0.9311 0.2229 0.5491 0.079 0.2591 0.7439 0.6284 0.9311 0.2229 0.5491 0.079 0.2591 0.7439 0.6284 0.9311 0.2229 0.5491 0.079 0.2591 0.7439 0.6284 0.9311 0.2229 0.5491 0.079 0.2591 0.7439 0.6284 0.9311 0.2229 0.5491 0.079 0.2591 0.7439 0.6284 0.9311 0.2229 0.5491 0.079 0.2591 0.7439 0.6284 0.9311 0.2229 0.5491 0.079 0.2591 0.7439 0.6284 0.9311 0.2229 0.5491 0.079 0.2591 0.7439 0.6284 0.9311 0.2229 0.5491 0.079 0.2591 0.7439 0.6284 0.9311 0.2229 0.5491 0.079 0.2591 0.7439 0.6284 0.9311 0.2229 0.5491 0.079 0.2591 0.7439 0.6284 0.9311 0.2229 0.5491 0.079 0.2591 0.7439 0.6284 0.9311 0.2229 0.5491 0.079 0.2591 0.7439 0.6284 0.9311 0.2229 0.5491 0.079 0.2591 0.7439 0.6284 0.9311 0.2229 0.5491 0.079 0.2591 0.7439 0.6284 0.9311 0.2229 0.5491 0.079 0.2591 0.7439 0.6284 0.9311 0.2229 0.5491 0.079 0.2591 0.7439 0.6284 0.9311 0.2229 0.5491 0.079 0.2591 0.7439 0.6284 0.9311 0.2229 0.5491 0.079 0.2591 0.7439 0.6284 0.9311 0.2229 0.5491 0.079 0.2591 0.7439 0.6284 0.9311 0.2229 0.5491 0.079 0.2591 0.7439 0.6284 0.9311 0.2229 0.5491 0.079 0.2591 0.7439 0.6284 0.9311 0.2229 0.5491 0.079 0.2591 0.7439 0.6284 0.9311 0.2229 0.5491 0.079 0.2591 0.7439 0.6284 0.9311 0.2229 0.5491 0.079 0.2591 0.7439 0.6284 0.9311 0.2229 0.5491 0.079 0.2591 0.7439 0.6284 0.9311 0.2229 0.5491 0.079 0.2591 0.7439 0.6284 0.9311 0.2229 0.5491 0.079 0.2591 0.7439 0.6284 0.9311 0.2229 0.5491 0.079 0.2591 0.7439 0.6284 0.9311 0.2229 0.5491 0.079 0.2591 0.7439 0.6284 0.9311 0.2229 0.5491 0.079 0.2591 0.7439 0.6284 0.9311 0.2229 0.5491 0.079 0.2591 0.7439 0.6284 0.9311 0.2229 0.5491 0.079 0.2591 0.7439 0.6284 0.9311 0.2229 0.5491 0.079 0.2591 0.7439 0.6284 0.9311 0.2229 0.5491 0.079 0.2591 0.7439 0.6284 0.9311 0.2229 0.5491 0.079 0.2591 0.7439 0.6284 0.9311 0.2229 0.5491 0.079 0.2591 0.7439 0.6284 0.9311 0.2229 0.5491 0.079 0.2591 0.7439 0.6284 0.9311 0.2229 0.5491 0.079 0.2591 0.7439 0.6284 0.9311 0.2229 0.5491 0.079 0.2591 0.7439 0.6284 0.9311 0.2229 0.5491 0.079 0.2591 0.7439 0.6284 0.9311 0.2229 0.5491 0.079 0.2591 0.7439 0.6284 0.9311 0.2229 0.5491 0.079 0.2591 0.7439 0.6284 0.9311 0.2229 0.5491 0.079 0.2591 0.7439 0.6284 0.9311 0.2229 0.5491 0.079 0.2591 0.1581 0.9452 0.4276 0.5349 0.0801 0.4863 0.2151 0.0727 0.6368 0.6935 0.2316 0.8073 0.2339 0.2726 0.5428 0.6859 0.8744 0.9961 0.1511 0.5037 0.7313 0.601 0.1915 0.1484 0.1506 0.3587 0.6048 0.0818 0.3375 0.5588 0.4648 0.8729 0.1042 0.8374 0.6239 0.5061 0.8854 0.3119 0.8102 0.5384 0.1224 0.0909 0.4765 0.7897 0.1733 0.7996 0.8993 0.5013 0.9383 0.0646 0.0132 0.8054 0.2436 0.3659 0.2254 0.1332 0.841 0.8234 0.1845 0.5144 0.2318 0.6151 0.2158 0.0155 0.9533 0.9299 0.9993 0.269 0.2025 0.4519 0.1163 0.3472 0.7644 0.3058 0.7369 0.6575 0.9745 0.8851 0.9126 0.0373 0.992 0.6975 0.256 0.7523 0.2095 0.5089 0.1622 0.0979 0.0282 0.8741 0.2415 0.1878 0.2615
0.7439 0.6284 0.9311 0.2229 0.5491 0.079 0.2591 0.7439 0.6284 0.9311 0.2229 0.5491 0.079 0.2591 0.7439 0.6284 0.9311 0.2229 0.5491 0.079 0.2591 0.7439 0.6284 0.9311 0.2229 0.5491 0.079 0.2591 0.7439 0.6284 0.9311 0.2229 0.5491 0.079 0.2591 0.7439 0.6284 0.9311 0.2229 0.5491 0.079 0.2591 0.7439 0.6284 0.9311 0.2229 0.5491 0.079 0.2591 0.7439 0.6284 0.9311 0.2229 0.5491 0.079 0.2591 0.7439 0.6284 0.9311 0.2229 0.5491 0.079 0.2591 0.7439 0.6284 0.9311 0.2229 0.5491 0.079 0.2591 0.7439 0.6284 0.9311 0.2229 0.5491 0.079 0.2591 0.7439 0.6284 0.9311 0.2229 0.5491 0.079 0.2591 0.7439 0.6284 0.9311 0.2229 0.5491 0.079 0.2591 0.7439 0.6284 0.9311 0.2229 0.5491 0.079 0.2591 0.7439 0.6284 0.9311 0.2229 0.5491 0.079 0.2591 0.7439 0.6284 0.9311 0.2229 0.5491 0.079 0.2591 0.7439 0.6284 0.9311 0.2229 0.5491 0.079 0.2591 0.7439 0.6284 0.9311 0.2229 0.5491 0.079 0.2591 0.7439 0.6284 0.9311 0.2229 0.5491 0.079 0.2591 0.7439 0.6284 0.9311 0.2229 0.5491 0.079 0.2591 0.7439 0.6284 0.9311 0.2229 0.5491 0.079 0.2591 0.7439 0.6284 0.9311 0.2229 0.5491 0.079 0.2591 0.7439 0.6284 0.9311 0.2229 0.5491 0.079 0.2591 0.7439 0.6284 0.9311 0.2229 0.5491 0.079 0.2591 0.7439 0.6284 0.9311 0.2229 0.5491 0.079 0.2591 0.7439 0.6284 0.9311 0.2229 0.5491 0.079 0.2591 0.7439 0.6284 0.9311 0.2229 0.5491 0.079 0.2591 0.7439 0.6284 0.9311 0.2229 0.5491 0.079 0.2591 0.7439 0.6284 0.9311 0.2229 0.5491 0.079 0.2591 0.7439 0.6284 0.9311 0.2229 0.5491 0.079 0.2591 0.7439 0.6284 0.9311 0.2229 0.5491 0.079 0.2591 0.7439 0.6284 0.9311 0.2229 0.5491 0.079 0.2591 0.7439 0.6284 0.9311 0.2229 0.5491 0.079 0.2591 0.7439 0.6284 0.9311 0.2229 0.5491 0.079 0.2591 0.7439 0.6284 0.9311 0.2229 0.5491 0.079 0.2591 0.7439 0.6284 0.9311 0.2229 0.5491 0.079 0.2591 0.7439 0.6284 0.9311 0.2229 0.5491 0.079 0.2591 0.7439 0.6284 0.9311 0.2229 0.5491 0.079 0.2591 0.7439 0.6284 0.9311 0.2229 0.5491 0.079 0.2591 0.7439 0.6284 0.9311 0.2229 0.5491 0.079 0.2591 0.7439 0.6284 0.9311 0.2229 0.5491 0.079 0.2591 0.7439 0.6284 0.9311 0.2229 0.5491 0.079 0.2591 0.7439 0.6284 0.9311 0.2229 0.5491 0.079 0.2591 0.7439 0.6284 0.9311 0.2229 0.5491 0.079 0.2591 0.7439 0.6284 0.9311 0.2229 0.5491 0.079 0.2591 0.7439 0.6284 0.9311 0.2229 0.5491 0.079 0.2591 0.7439 0.6284 0.9311 0.2229 0.5491 0.079 0.2591 0.7439 0.6284 0.9311 0.2229 0.5491 0.079 0.2591 0.7439 0.6284 0.9311 0.2229 0.5491 0.079 0.2591 0.7439 0.6284 0.9311 0.2229 0.5491 0.079 0.2591 0.7439 0.6284 0.9311 0.2229 0.5491 0.079 0.2591 0.7439 0.6284 0.9311 0.2229 0.5491 0.079 0.2591 0.7439 0.6284 0.9311 0.2229 0.5491 0.079 0.2591 0.7439 0.6284 0.9311 0.2229 0.5491 0.079 0.2591 0.7439 0.6284 0.9311 0.2229 0.5491 0.079 0.2591 0.7439 0.6284 0.9311 0.2229 0.5491 0.079 0.2591 0.7439 0.6284 0.9311 0.2229 0.5491 0.079 0.2591 0.7439 0.6284 0.9311 0.2229 0.5491 0.079 0.2591 0.7439 0.6284 0.9311 0.2229 0.5491 0.079 0.2591 0.7439 0.6284 0.9311 0.2229 0.5491 0.079 0.2591 0.1581 0.9452 0.4276 0.5349 0.0801 0.4863 0.2151 0.0727 0.6368 0.6935 0.2316 0.8073 0.2339 0.2726 0.5428 0.6859 0.8744 0.9961 0.1511 0.5037 0.7313 0.601 0.1915 0.1484 0.1506 0.3587 0.6048 0.0818 0.3375 0.5588 0.4648 0.8729 0.1042 0.8374 0.6239 0.5061 0.8854 0.3119 0.8102 0.5384 0.1224 0.0909 0.4765 0.7897 0.1733 0.7996 0.8993 0.5013 0.9383 0.0646 0.0132 0.8054 0.2436 0.3659 0.2254 0.1332 0.841 0.8234 0.1845 0.5144 0.2318 0.6151 0.2158 0.0155 0.9533 0.9299 0.9993 0.269 0.2025 0.4519 0.1163 0.3472 0.7644 0.3058 0.7369 0.6575 0.9745 0.8851 0.9126 0.0373 0.992 0.6975 0.256 0.7523 0.2095 0.5089 0.1622 0.0979 0.0282 0.8741 0.2415 0.1878 0.2615
0.7439 0.6284 0.9311 0.2229 0.5491 0.079 0.2591 0.7439 0.6284 0.9311 0.2229 0.5491 0.079 0.2591 0.7439 0.6284 0.9311 0.2229 0.5491 0.079 0.2591 0.7439 0.6284 0.9311 0.2229 0.5491 0.079 0.2591 0.7439 0.6284 0.9311 0.2229 0.5491 0.079 0.2591 0.7439 0.6284 0.9311 0.2229 0.5491 0.079 0.2591 0.7439 0.6284 0.9311 0.2229 0.5491 0.079 0.2591 0.7439 0.6284 0.9311 0.2229 0.5491 0.079 0.2591 0.7439 0.6284 0.9311 0.2229 0.5491 0.079 0.2591 0.7439 0.6284 0.9311 0.2229 0.5491 0.079 0.2591 0.7439 0.6284 0.9311 0.2229 0.5491 0.079 0.2591 0.7439 0.6284 0.9311 0.2229 0.5491 0.079 0.2591 0.7439 0.6284 0.9311 0.2229 0.5491 0.079 0.2591 0.7439 0.6284 0.9311 0.2229 0.5491 0.079 0.2591 0.7439 0.6284 0.9311 0.2229 0.5491 0.079 0.2591 0.7439 0.6284 0.9311 0.2229 0.5491 0.079 0.2591 0.7439 0.6284 0.9311 0.2229 0.5491 0.079 0.2591 0.7439 0.6284 0.9311 0.2229 0.5491 0.079 0.2591 0.7439 0.6284 0.9311 0.2229 0.5491 0.079 0.2591 0.7439 0.6284 0.9311 0.2229 0.5491 0.079 0.2591 0.7439 0.6284 0.9311 0.2229 0.5491 0.079 0.2591 0.7439 0.6284 0.9311 0.2229 0.5491 0.079 0.2591 0.7439 0.6284 0.9311 0.2229 0.5491 0.079 0.2591 0.7439 0.6284 0.9311 0.2229 0.5491 0.079 0.2591 0.7439 0.6284 0.9311 0.2229 0.5491 0.079 0.2591 0.7439 0.6284 0.9311 0.2229 0.5491 0.079 0.2591 0.7439 0.6284 0.9311 0.2229 0.5491 0.079 0.2591 0.7439 0.6284 0.9311 0.2229 0.5491 0.079 0.2591 0.7439 0.6284 0.9311 0.2229 0.5491 0.079 0.2591 0.7439 0.6284 0.9311 0.2229 0.5491 0.079 0.2591 0.7439 0.6284 0.9311 0.2229 0.5491 0.079 0.2591 0.7439 0.6284 0.9311 0.2229 0.5491 0.079 0.2591 0.7439 0.6284 0.9311 0.2229 0.5491 0.079 0.2591 0.7439 0.6284 0.9311 0.2229 0.5491 0.079 0.2591 0.7439 0.6284 0.9311 0.2229 0.5491 0.079 0.2591 0.7439 0.6284 0.9311 0.2229 0.5491 0.079 0.2591 0.7439 0.6284 0.9311 0.2229 0.5491 0.079 0.2591 0.7439 0.6284 0.9311 0.2229 0.5491 0.079 0.2591 0.7439 0.6284 0.9311 0.2229 0.5491 0.079 0.2591 0.7439 0.6284 0.9311 0.2229 0.5491 0.079 0.2591 0.7439 0.6284 0.9311 0.2229 0.5491 0.079 0.2591 0.7439 0.6284 0.9311 0.2229 0.5491 0.079 0.2591 0.7439 0.6284 0.9311 0.2229 0.5491 0.079 0.2591 0.7439 0.6284 0.9311 0.2229 0.5491 0.079 0.2591 0.7439 0.6284 0.9311 0.2229 0.5491 0.079 0.2591 0.7439 0.6284 0.9311 0.2229 0.5491 0.079 0.2591 0.7439 0.6284 0.9311 0.2229 0.5491 0.079 0.2591 0.7439 0.6284 0.9311 0.2229 0.5491 0.079 0.2591 0.7439 0.6284 0.9311 0.2229 0.5491 0.079 0.2591 0.7439 0.6284 0.9311 0.2229 0.5491 0.079 0.2591 0.7439 0.6284 0.9311 0.2229 0.5491 0.079 0.2591 0.7439 0.6284 0.9311 0.2229 0.5491 0.079 0.2591 0.7439 0.6284 0.9311 0.2229 0.5491 0.079 0.2591 0.7439 0.6284 0.9311 0.2229 0.5491 0.079 0.2591 0.7439 0.6284 0.9311 0.2229 0.5491 0.079 0.2591 0.7439 0.6284 0.9311 0.2229 0.5491 0.079 0.2591 0.7439 0.6284 0.9311 0.2229 0.5491 0.079 0.2591 0.7439 0.6284 0.9311 0.2229 0.5491 0.079 0.2591 0.7439 0.6284 0.9311 0.2229 0.5491 0.079 0.2591 0.7439 0.6284 0.9311 0.2229 0.5491 0.079 0.2591 0.1581 0.9452 0.4276 0.5349 0.0801 0.4863 0.2151 0.0727 0.6368 0.6935 0.2316 0.8073 0.2339 0.2726 0.5428 0.6859 0.8744 0.9961 0.1511 0.5037 0.7313 0.601 0.1915 0.1484 0.1506 0.3587 0.6048 0.0818 0.3375 0.5588 0.4648 0.8729 0.1042 0.8374 0.6239 0.5061 0.8854 0.3119 0.8102 0.5384 0.1224 0.0909 0.4765 0.7897 0.1733 0.7996 0.8993 0.5013 0.9383 0.0646 0.0132 0.8054 0.2436 0.3659 0.2254 0.1332 0.841 0.8234 0.1845 0.5144 0.2318 0.6151 0.2158 0.0155 0.9533 0.9299 0.9993 0.269 0.2025 0.4519 0.1163 0.3472 0.7644 0.3058 0.7369 0.6575 0.9745 0.8851 0.9126 0.0373 0.992 0.6975 0.256 0.7523 0.2095 0.5089 0.1622 0.0979 0.0282 0.8741 0.2415 0.1878 0.2615
0.1691 0.5882 0.9585 0.0202 0.0754 0.5257 0.786 0.0104 0.7333 0.7509 0.6023 0.3412 0.4349 0.389 0.9142 0.9144 0.2313 0.7035 0.6547 0.2753 0.683 0.8545 0.6312 0.4766 0.9466 0.6199 0.7843 0.7375 0.3464 0.1284 0.0419 0.7711 0.758 0.4179 0.9257 0.0988 0.3858 0.3562 0.2585 0.5566 0.7326 0.6632 0.6392 0.2883 0.2605 0.6116 0.9176 0.717 0.8603 0.1904 0.2052 0.6653 0.2794 0.6606 0.9199 0.6094 0.861 0.3119 0.6282 0.4895 0.0304 0.0622 0.0032 0.8938 0.1015 0.9607 0.8596 0.3726 0.1487 0.8741 0.616 0.374 0.9855 0.3135 0.1941 0.8324 0.8226 0.744 0.8684 0.4989 0.8164 0.1448 0.1356 0.6374 0.7303 0.2614 0.9459 0.1738 0.7976 0.5116 0.6938 0.22 0.4945 0.1617 0.9568 0.6658 0.0104 0.7639 0.7425 0.0317